    0.10000E-03    0.26135E+03
    0.10202E-03    0.26641E+03
    0.10408E-03    0.27157E+03
    0.10618E-03    0.27683E+03
    0.10833E-03    0.28220E+03
    0.11052E-03    0.28766E+03
    0.11275E-03    0.29324E+03
    0.11503E-03    0.29892E+03
    0.11735E-03    0.30471E+03
    0.11972E-03    0.31061E+03
    0.12214E-03    0.31663E+03
    0.12461E-03    0.32276E+03
    0.12712E-03    0.32901E+03
    0.12969E-03    0.33538E+03
    0.13231E-03    0.34188E+03
    0.13499E-03    0.34850E+03
    0.13771E-03    0.35525E+03
    0.14049E-03    0.36213E+03
    0.14333E-03    0.36914E+03
    0.14623E-03    0.37629E+03
    0.14918E-03    0.38357E+03
    0.15220E-03    0.39100E+03
    0.15527E-03    0.39857E+03
    0.15841E-03    0.40629E+03
    0.16161E-03    0.41415E+03
    0.16487E-03    0.42217E+03
    0.16820E-03    0.43034E+03
    0.17160E-03    0.43867E+03
    0.17507E-03    0.44716E+03
    0.17860E-03    0.45581E+03
    0.18221E-03    0.46464E+03
    0.18589E-03    0.47363E+03
    0.18965E-03    0.48279E+03
    0.19348E-03    0.49213E+03
    0.19739E-03    0.50165E+03
    0.20138E-03    0.51136E+03
    0.20544E-03    0.52125E+03
    0.20959E-03    0.53133E+03
    0.21383E-03    0.54160E+03
    0.21815E-03    0.55208E+03
    0.22255E-03    0.56275E+03
    0.22705E-03    0.57363E+03
    0.23164E-03    0.58472E+03
    0.23632E-03    0.59602E+03
    0.24109E-03    0.60754E+03
    0.24596E-03    0.61928E+03
    0.25093E-03    0.63125E+03
    0.25600E-03    0.64345E+03
    0.26117E-03    0.65588E+03
    0.26645E-03    0.66854E+03
    0.27183E-03    0.68145E+03
    0.27732E-03    0.69461E+03
    0.28292E-03    0.70802E+03
    0.28864E-03    0.72169E+03
    0.29447E-03    0.73562E+03
    0.30042E-03    0.74981E+03
    0.30649E-03    0.76428E+03
    0.31268E-03    0.77902E+03
    0.31899E-03    0.79404E+03
    0.32544E-03    0.80935E+03
    0.33201E-03    0.82495E+03
    0.33872E-03    0.84085E+03
    0.34556E-03    0.85705E+03
    0.35254E-03    0.87356E+03
    0.35966E-03    0.89039E+03
    0.36693E-03    0.90753E+03
    0.37434E-03    0.92500E+03
    0.38190E-03    0.94280E+03
    0.38962E-03    0.96094E+03
    0.39749E-03    0.97942E+03
    0.40552E-03    0.99825E+03
    0.41371E-03    0.10174E+04
    0.42207E-03    0.10370E+04
    0.43060E-03    0.10569E+04
    0.43929E-03    0.10772E+04
    0.44817E-03    0.10979E+04
    0.45722E-03    0.11189E+04
    0.46646E-03    0.11404E+04
    0.47588E-03    0.11623E+04
    0.48550E-03    0.11845E+04
    0.49530E-03    0.12072E+04
    0.50531E-03    0.12303E+04
    0.51552E-03    0.12539E+04
    0.52593E-03    0.12779E+04
    0.53656E-03    0.13023E+04
    0.54739E-03    0.13272E+04
    0.55845E-03    0.13526E+04
    0.56973E-03    0.13784E+04
    0.58124E-03    0.14047E+04
    0.59299E-03    0.14315E+04
    0.60496E-03    0.14587E+04
    0.61719E-03    0.14865E+04
    0.62965E-03    0.15148E+04
    0.64237E-03    0.15436E+04
    0.65535E-03    0.15730E+04
    0.66859E-03    0.16028E+04
    0.68210E-03    0.16333E+04
    0.69588E-03    0.16642E+04
    0.70993E-03    0.16958E+04
    0.72427E-03    0.17279E+04
    0.73891E-03    0.17606E+04
    0.75383E-03    0.17939E+04
    0.76906E-03    0.18278E+04
    0.78460E-03    0.18623E+04
    0.80045E-03    0.18974E+04
    0.81662E-03    0.19331E+04
    0.83311E-03    0.19695E+04
    0.84994E-03    0.20065E+04
    0.86711E-03    0.20442E+04
    0.88463E-03    0.20826E+04
    0.90250E-03    0.21216E+04
    0.92073E-03    0.21613E+04
    0.93933E-03    0.22018E+04
    0.95831E-03    0.22429E+04
    0.97767E-03    0.22847E+04
    0.99742E-03    0.23273E+04
    0.10176E-02    0.23706E+04
    0.10381E-02    0.24147E+04
    0.10591E-02    0.24595E+04
    0.10805E-02    0.25051E+04
    0.11023E-02    0.25514E+04
    0.11246E-02    0.25986E+04
    0.11473E-02    0.26466E+04
    0.11705E-02    0.26953E+04
    0.11941E-02    0.27449E+04
    0.12182E-02    0.27953E+04
    0.12429E-02    0.28466E+04
    0.12680E-02    0.28987E+04
    0.12936E-02    0.29517E+04
    0.13197E-02    0.30055E+04
    0.13464E-02    0.30602E+04
    0.13736E-02    0.31158E+04
    0.14013E-02    0.31723E+04
    0.14296E-02    0.32298E+04
    0.14585E-02    0.32881E+04
    0.14880E-02    0.33473E+04
    0.15180E-02    0.34075E+04
    0.15487E-02    0.34687E+04
    0.15800E-02    0.35308E+04
    0.16119E-02    0.35939E+04
    0.16445E-02    0.36579E+04
    0.16777E-02    0.37229E+04
    0.17116E-02    0.37889E+04
    0.17462E-02    0.38559E+04
    0.17814E-02    0.39239E+04
    0.18174E-02    0.39929E+04
    0.18541E-02    0.40629E+04
    0.18916E-02    0.41339E+04
    0.19298E-02    0.42060E+04
    0.19688E-02    0.42791E+04
    0.20086E-02    0.43532E+04
    0.20491E-02    0.44284E+04
    0.20905E-02    0.45046E+04
    0.21328E-02    0.45819E+04
    0.21758E-02    0.46602E+04
    0.22198E-02    0.47396E+04
    0.22646E-02    0.48201E+04
    0.23104E-02    0.49016E+04
    0.23571E-02    0.49841E+04
    0.24047E-02    0.50678E+04
    0.24533E-02    0.51524E+04
    0.25028E-02    0.52382E+04
    0.25534E-02    0.53250E+04
    0.26050E-02    0.54129E+04
    0.26576E-02    0.55018E+04
    0.27113E-02    0.55917E+04
    0.27660E-02    0.56828E+04
    0.28219E-02    0.57748E+04
    0.28789E-02    0.58679E+04
    0.29371E-02    0.59620E+04
    0.29964E-02    0.60572E+04
    0.30569E-02    0.61533E+04
    0.31187E-02    0.62505E+04
    0.31817E-02    0.63486E+04
    0.32460E-02    0.64477E+04
    0.33115E-02    0.65478E+04
    0.33784E-02    0.66489E+04
    0.34467E-02    0.67508E+04
    0.35163E-02    0.68537E+04
    0.35874E-02    0.69575E+04
    0.36598E-02    0.70622E+04
    0.37338E-02    0.71678E+04
    0.38092E-02    0.72743E+04
    0.38861E-02    0.73815E+04
    0.39646E-02    0.74894E+04
    0.40447E-02    0.75981E+04
    0.41264E-02    0.77075E+04
    0.42098E-02    0.78176E+04
    0.42948E-02    0.79285E+04
    0.43816E-02    0.80402E+04
    0.44701E-02    0.81528E+04
    0.45604E-02    0.82662E+04
    0.46525E-02    0.83801E+04
    0.47465E-02    0.84940E+04
    0.48424E-02    0.86077E+04
    0.49402E-02    0.87206E+04
    0.50400E-02    0.88328E+04
    0.51419E-02    0.89446E+04
    0.52457E-02    0.90565E+04
    0.53517E-02    0.91690E+04
    0.54598E-02    0.92826E+04
    0.55701E-02    0.93974E+04
    0.56826E-02    0.95131E+04
    0.57974E-02    0.96293E+04
    0.59145E-02    0.97457E+04
    0.60340E-02    0.98618E+04
    0.61559E-02    0.99774E+04
    0.62803E-02    0.10092E+05
    0.64072E-02    0.10207E+05
    0.65366E-02    0.10321E+05
    0.66686E-02    0.10435E+05
    0.68033E-02    0.10548E+05
    0.69408E-02    0.10661E+05
    0.70810E-02    0.10773E+05
    0.72240E-02    0.10884E+05
    0.73700E-02    0.10994E+05
    0.75189E-02    0.11103E+05
    0.76708E-02    0.11211E+05
    0.78257E-02    0.11318E+05
    0.79838E-02    0.11423E+05
    0.81451E-02    0.11528E+05
    0.83096E-02    0.11631E+05
    0.84775E-02    0.11732E+05
    0.86488E-02    0.11833E+05
    0.88235E-02    0.11931E+05
    0.90017E-02    0.12027E+05
    0.91836E-02    0.12122E+05
    0.93691E-02    0.12214E+05
    0.95583E-02    0.12304E+05
    0.97514E-02    0.12391E+05
    0.99484E-02    0.12475E+05
    0.10149E-01    0.12556E+05
    0.10354E-01    0.12634E+05
    0.10564E-01    0.12708E+05
    0.10777E-01    0.12780E+05
    0.10995E-01    0.12849E+05
    0.11217E-01    0.12915E+05
    0.11443E-01    0.12978E+05
    0.11675E-01    0.13037E+05
    0.11910E-01    0.13094E+05
    0.12151E-01    0.13146E+05
    0.12397E-01    0.13195E+05
    0.12647E-01    0.13241E+05
    0.12902E-01    0.13281E+05
    0.13163E-01    0.13317E+05
    0.13429E-01    0.13349E+05
    0.13700E-01    0.13375E+05
    0.13977E-01    0.13396E+05
    0.14259E-01    0.13412E+05
    0.14547E-01    0.13423E+05
    0.14841E-01    0.13428E+05
    0.15141E-01    0.13427E+05
    0.15447E-01    0.13422E+05
    0.15759E-01    0.13410E+05
    0.16077E-01    0.13393E+05
    0.16402E-01    0.13370E+05
    0.16734E-01    0.13341E+05
    0.17072E-01    0.13307E+05
    0.17416E-01    0.13266E+05
    0.17768E-01    0.13219E+05
    0.18127E-01    0.13166E+05
    0.18493E-01    0.13107E+05
    0.18867E-01    0.13041E+05
    0.19248E-01    0.12969E+05
    0.19637E-01    0.12890E+05
    0.20034E-01    0.12805E+05
    0.20438E-01    0.12714E+05
    0.20851E-01    0.12616E+05
    0.21272E-01    0.12512E+05
    0.21702E-01    0.12402E+05
    0.22141E-01    0.12285E+05
    0.22588E-01    0.12163E+05
    0.23044E-01    0.12035E+05
    0.23510E-01    0.11902E+05
    0.23985E-01    0.11763E+05
    0.24469E-01    0.11619E+05
    0.24964E-01    0.11470E+05
    0.25468E-01    0.11316E+05
    0.25982E-01    0.11158E+05
    0.26507E-01    0.10994E+05
    0.27043E-01    0.10827E+05
    0.27589E-01    0.10655E+05
    0.28146E-01    0.10479E+05
    0.28715E-01    0.10300E+05
    0.29295E-01    0.10120E+05
    0.29887E-01    0.99374E+04
    0.30490E-01    0.97540E+04
    0.31106E-01    0.95699E+04
    0.31735E-01    0.93856E+04
    0.32376E-01    0.92015E+04
    0.33030E-01    0.90179E+04
    0.33697E-01    0.88352E+04
    0.34378E-01    0.86539E+04
    0.35072E-01    0.84745E+04
    0.35781E-01    0.82973E+04
    0.36504E-01    0.81227E+04
    0.37241E-01    0.79511E+04
    0.37993E-01    0.77831E+04
    0.38761E-01    0.76189E+04
    0.39544E-01    0.74592E+04
    0.40343E-01    0.73041E+04
    0.41158E-01    0.71541E+04
    0.41989E-01    0.70093E+04
    0.42838E-01    0.68702E+04
    0.43703E-01    0.67370E+04
    0.44586E-01    0.66099E+04
    0.45486E-01    0.64888E+04
    0.46405E-01    0.63737E+04
    0.47343E-01    0.62643E+04
    0.48299E-01    0.61604E+04
    0.49275E-01    0.60619E+04
    0.50270E-01    0.59684E+04
    0.51286E-01    0.58795E+04
    0.52322E-01    0.57947E+04
    0.53379E-01    0.57138E+04
    0.54457E-01    0.56361E+04
    0.55557E-01    0.55613E+04
    0.56680E-01    0.54883E+04
    0.57825E-01    0.54164E+04
    0.58993E-01    0.53448E+04
    0.60184E-01    0.52728E+04
    0.61400E-01    0.51993E+04
    0.62641E-01    0.51234E+04
    0.63906E-01    0.50439E+04
    0.65197E-01    0.49599E+04
    0.66514E-01    0.48706E+04
    0.67858E-01    0.47753E+04
    0.69229E-01    0.46743E+04
    0.70627E-01    0.45676E+04
    0.72054E-01    0.44553E+04
    0.73510E-01    0.43378E+04
    0.74994E-01    0.42154E+04
    0.76509E-01    0.40888E+04
    0.78055E-01    0.39588E+04
    0.79632E-01    0.38260E+04
    0.81241E-01    0.36912E+04
    0.82882E-01    0.35556E+04
    0.84556E-01    0.34213E+04
    0.86264E-01    0.32898E+04
    0.88007E-01    0.31628E+04
    0.89785E-01    0.30414E+04
    0.91598E-01    0.29268E+04
    0.93449E-01    0.28198E+04
    0.95337E-01    0.27211E+04
    0.97263E-01    0.26315E+04
    0.99227E-01    0.25513E+04
    0.10123E+00    0.24804E+04
    0.10328E+00    0.24179E+04
    0.10536E+00    0.23631E+04
    0.10749E+00    0.23151E+04
    0.10966E+00    0.22734E+04
    0.11188E+00    0.22366E+04
    0.11414E+00    0.22025E+04
    0.11644E+00    0.21689E+04
    0.11880E+00    0.21340E+04
    0.12120E+00    0.20957E+04
    0.12365E+00    0.20529E+04
    0.12614E+00    0.20049E+04
    0.12869E+00    0.19514E+04
    0.13129E+00    0.18921E+04
    0.13394E+00    0.18268E+04
    0.13665E+00    0.17567E+04
    0.13941E+00    0.16843E+04
    0.14223E+00    0.16119E+04
    0.14510E+00    0.15415E+04
    0.14803E+00    0.14747E+04
    0.15102E+00    0.14128E+04
    0.15407E+00    0.13567E+04
    0.15718E+00    0.13071E+04
    0.16036E+00    0.12646E+04
    0.16360E+00    0.12298E+04
    0.16690E+00    0.12018E+04
    0.17028E+00    0.11781E+04
    0.17371E+00    0.11565E+04
    0.17722E+00    0.11348E+04
    0.18080E+00    0.11110E+04
    0.18446E+00    0.10842E+04
    0.18818E+00    0.10543E+04
    0.19198E+00    0.10215E+04
    0.19586E+00    0.98600E+03
    0.19982E+00    0.94808E+03
    0.20386E+00    0.90884E+03
    0.20797E+00    0.87035E+03
    0.21218E+00    0.83439E+03
    0.21646E+00    0.80250E+03
    0.22083E+00    0.77590E+03
    0.22530E+00    0.75438E+03
    0.22985E+00    0.73608E+03
    0.23449E+00    0.71924E+03
    0.23923E+00    0.70225E+03
    0.24406E+00    0.68368E+03
    0.24899E+00    0.66317E+03
    0.25402E+00    0.64153E+03
    0.25915E+00    0.61958E+03
    0.26439E+00    0.59805E+03
    0.26973E+00    0.57758E+03
    0.27518E+00    0.55842E+03
    0.28074E+00    0.54045E+03
    0.28641E+00    0.52353E+03
    0.29219E+00    0.50754E+03
    0.29810E+00    0.49236E+03
    0.30412E+00    0.47788E+03
    0.31026E+00    0.46395E+03
    0.31653E+00    0.45044E+03
    0.32292E+00    0.43723E+03
    0.32945E+00    0.42422E+03
    0.33610E+00    0.41138E+03
    0.34289E+00    0.39882E+03
    0.34982E+00    0.38659E+03
    0.35689E+00    0.37478E+03
    0.36409E+00    0.36343E+03
    0.37145E+00    0.35257E+03
    0.37895E+00    0.34217E+03
    0.38661E+00    0.33220E+03
    0.39442E+00    0.32263E+03
    0.40239E+00    0.31343E+03
    0.41052E+00    0.30457E+03
    0.41881E+00    0.29602E+03
    0.42727E+00    0.28774E+03
    0.43590E+00    0.27971E+03
    0.44471E+00    0.27189E+03
    0.45369E+00    0.26428E+03
    0.46286E+00    0.25690E+03
    0.47221E+00    0.24974E+03
    0.48174E+00    0.24284E+03
    0.49148E+00    0.23618E+03
    0.50141E+00    0.22977E+03
    0.51153E+00    0.22360E+03
    0.52187E+00    0.21764E+03
    0.53241E+00    0.21189E+03
    0.54317E+00    0.20632E+03
    0.55414E+00    0.20094E+03
    0.56533E+00    0.19573E+03
    0.57675E+00    0.19068E+03
    0.58840E+00    0.18580E+03
    0.60029E+00    0.18107E+03
    0.61242E+00    0.17649E+03
    0.62479E+00    0.17206E+03
    0.63741E+00    0.16776E+03
    0.65029E+00    0.16360E+03
    0.66342E+00    0.15956E+03
    0.67683E+00    0.15565E+03
    0.69050E+00    0.15186E+03
    0.70445E+00    0.14818E+03
    0.71868E+00    0.14462E+03
    0.73320E+00    0.14115E+03
    0.74801E+00    0.13779E+03
    0.76312E+00    0.13452E+03
    0.77854E+00    0.13135E+03
    0.79426E+00    0.12827E+03
    0.81031E+00    0.12527E+03
    0.82668E+00    0.12235E+03
    0.84338E+00    0.11952E+03
    0.86041E+00    0.11675E+03
    0.87780E+00    0.11407E+03
    0.89553E+00    0.11145E+03
    0.91362E+00    0.10890E+03
    0.93208E+00    0.10642E+03
    0.95091E+00    0.10399E+03
    0.97011E+00    0.10163E+03
    0.98971E+00    0.99324E+02
    0.10097E+01    0.97073E+02
    0.10301E+01    0.94876E+02
    0.10509E+01    0.92729E+02
    0.10721E+01    0.90632E+02
    0.10938E+01    0.88581E+02
    0.11159E+01    0.86576E+02
    0.11384E+01    0.84615E+02
    0.11614E+01    0.82697E+02
    0.11849E+01    0.80819E+02
    0.12088E+01    0.78980E+02
    0.12333E+01    0.77179E+02
    0.12582E+01    0.75415E+02
    0.12836E+01    0.73686E+02
    0.13095E+01    0.71991E+02
    0.13360E+01    0.70329E+02
    0.13630E+01    0.68700E+02
    0.13905E+01    0.67101E+02
    0.14186E+01    0.65533E+02
    0.14472E+01    0.63993E+02
    0.14765E+01    0.62482E+02
    0.15063E+01    0.60999E+02
    0.15367E+01    0.59543E+02
    0.15678E+01    0.58113E+02
    0.15994E+01    0.56708E+02
    0.16318E+01    0.55328E+02
    0.16647E+01    0.53973E+02
    0.16984E+01    0.52642E+02
    0.17327E+01    0.51334E+02
    0.17677E+01    0.50049E+02
    0.18034E+01    0.48786E+02
    0.18398E+01    0.47546E+02
    0.18770E+01    0.46327E+02
    0.19149E+01    0.45129E+02
    0.19536E+01    0.43953E+02
    0.19930E+01    0.42797E+02
    0.20333E+01    0.41662E+02
    0.20744E+01    0.40547E+02
    0.21163E+01    0.39452E+02
    0.21590E+01    0.38377E+02
    0.22026E+01    0.37322E+02
    0.22471E+01    0.36285E+02
    0.22925E+01    0.35268E+02
    0.23388E+01    0.34270E+02
    0.23861E+01    0.33291E+02
    0.24343E+01    0.32331E+02
    0.24835E+01    0.31389E+02
    0.25336E+01    0.30466E+02
    0.25848E+01    0.29561E+02
    0.26370E+01    0.28674E+02
    0.26903E+01    0.27805E+02
    0.27447E+01    0.26955E+02
    0.28001E+01    0.26122E+02
    0.28567E+01    0.25307E+02
    0.29144E+01    0.24509E+02
    0.29733E+01    0.23729E+02
    0.30333E+01    0.22967E+02
    0.30946E+01    0.22221E+02
    0.31571E+01    0.21493E+02
    0.32209E+01    0.20782E+02
    0.32860E+01    0.20088E+02
    0.33523E+01    0.19410E+02
    0.34201E+01    0.18749E+02
    0.34892E+01    0.18104E+02
    0.35596E+01    0.17476E+02
    0.36316E+01    0.16864E+02
    0.37049E+01    0.16268E+02
    0.37798E+01    0.15688E+02
    0.38561E+01    0.15123E+02
    0.39340E+01    0.14574E+02
    0.40135E+01    0.14041E+02
    0.40946E+01    0.13522E+02
    0.41773E+01    0.13018E+02
    0.42617E+01    0.12529E+02
    0.43478E+01    0.12054E+02
    0.44356E+01    0.11594E+02
    0.45252E+01    0.11147E+02
    0.46166E+01    0.10715E+02
    0.47099E+01    0.10296E+02
    0.48050E+01    0.98902E+01
    0.49021E+01    0.94976E+01
    0.50011E+01    0.91178E+01
    0.51021E+01    0.87506E+01
    0.52052E+01    0.83958E+01
    0.53104E+01    0.80529E+01
    0.54176E+01    0.77219E+01
    0.55271E+01    0.74024E+01
    0.56387E+01    0.70941E+01
    0.57526E+01    0.67969E+01
    0.58689E+01    0.65103E+01
    0.59874E+01    0.62342E+01
    0.61084E+01    0.59683E+01
    0.62318E+01    0.57123E+01
    0.63577E+01    0.54659E+01
    0.64861E+01    0.52288E+01
    0.66171E+01    0.50009E+01
    0.67508E+01    0.47817E+01
    0.68872E+01    0.45712E+01
    0.70263E+01    0.43689E+01
    0.71682E+01    0.41746E+01
    0.73130E+01    0.39882E+01
    0.74608E+01    0.38093E+01
    0.76115E+01    0.36376E+01
    0.77653E+01    0.34730E+01
    0.79221E+01    0.33152E+01
    0.80822E+01    0.31640E+01
    0.82454E+01    0.30191E+01
    0.84120E+01    0.28803E+01
    0.85819E+01    0.27474E+01
    0.87553E+01    0.26202E+01
    0.89322E+01    0.24985E+01
    0.91126E+01    0.23820E+01
    0.92967E+01    0.22706E+01
    0.94845E+01    0.21641E+01
    0.96761E+01    0.20623E+01
    0.98716E+01    0.19649E+01
    0.10071E+02    0.18719E+01
    0.10274E+02    0.17831E+01
    0.10482E+02    0.16982E+01
    0.10694E+02    0.16171E+01
    0.10910E+02    0.15398E+01
    0.11130E+02    0.14659E+01
    0.11355E+02    0.13954E+01
    0.11584E+02    0.13282E+01
    0.11818E+02    0.12640E+01
    0.12057E+02    0.12028E+01
    0.12301E+02    0.11445E+01
    0.12549E+02    0.10889E+01
    0.12803E+02    0.10358E+01
    0.13061E+02    0.98528E+00
    0.13325E+02    0.93711E+00
    0.13594E+02    0.89121E+00
    0.13869E+02    0.84748E+00
    0.14149E+02    0.80583E+00
    0.14435E+02    0.76616E+00
    0.14727E+02    0.72838E+00
    0.15024E+02    0.69241E+00
    0.15328E+02    0.65816E+00
    0.15637E+02    0.62556E+00
    0.15953E+02    0.59453E+00
    0.16275E+02    0.56500E+00
    0.16604E+02    0.53690E+00
    0.16940E+02    0.51017E+00
    0.17282E+02    0.48473E+00
    0.17631E+02    0.46053E+00
    0.17987E+02    0.43752E+00
    0.18351E+02    0.41563E+00
    0.18721E+02    0.39482E+00
    0.19099E+02    0.37502E+00
    0.19485E+02    0.35620E+00
    0.19879E+02    0.33830E+00
    0.20280E+02    0.32128E+00
    0.20690E+02    0.30510E+00
    0.21108E+02    0.28973E+00
    0.21535E+02    0.27513E+00
