    0.10000E-03    0.56947E+03
    0.10202E-03    0.58050E+03
    0.10408E-03    0.59175E+03
    0.10618E-03    0.60321E+03
    0.10833E-03    0.61490E+03
    0.11052E-03    0.62681E+03
    0.11275E-03    0.63895E+03
    0.11503E-03    0.65133E+03
    0.11735E-03    0.66395E+03
    0.11972E-03    0.67681E+03
    0.12214E-03    0.68992E+03
    0.12461E-03    0.70328E+03
    0.12712E-03    0.71690E+03
    0.12969E-03    0.73079E+03
    0.13231E-03    0.74494E+03
    0.13499E-03    0.75936E+03
    0.13771E-03    0.77407E+03
    0.14049E-03    0.78906E+03
    0.14333E-03    0.80434E+03
    0.14623E-03    0.81991E+03
    0.14918E-03    0.83578E+03
    0.15220E-03    0.85196E+03
    0.15527E-03    0.86846E+03
    0.15841E-03    0.88527E+03
    0.16161E-03    0.90240E+03
    0.16487E-03    0.91987E+03
    0.16820E-03    0.93767E+03
    0.17160E-03    0.95582E+03
    0.17507E-03    0.97432E+03
    0.17860E-03    0.99317E+03
    0.18221E-03    0.10124E+04
    0.18589E-03    0.10320E+04
    0.18965E-03    0.10519E+04
    0.19348E-03    0.10723E+04
    0.19739E-03    0.10930E+04
    0.20138E-03    0.11142E+04
    0.20544E-03    0.11357E+04
    0.20959E-03    0.11577E+04
    0.21383E-03    0.11801E+04
    0.21815E-03    0.12029E+04
    0.22255E-03    0.12261E+04
    0.22705E-03    0.12498E+04
    0.23164E-03    0.12740E+04
    0.23632E-03    0.12986E+04
    0.24109E-03    0.13237E+04
    0.24596E-03    0.13493E+04
    0.25093E-03    0.13754E+04
    0.25600E-03    0.14019E+04
    0.26117E-03    0.14290E+04
    0.26645E-03    0.14566E+04
    0.27183E-03    0.14847E+04
    0.27732E-03    0.15134E+04
    0.28292E-03    0.15426E+04
    0.28864E-03    0.15723E+04
    0.29447E-03    0.16027E+04
    0.30042E-03    0.16336E+04
    0.30649E-03    0.16651E+04
    0.31268E-03    0.16972E+04
    0.31899E-03    0.17299E+04
    0.32544E-03    0.17633E+04
    0.33201E-03    0.17972E+04
    0.33872E-03    0.18319E+04
    0.34556E-03    0.18672E+04
    0.35254E-03    0.19031E+04
    0.35966E-03    0.19398E+04
    0.36693E-03    0.19771E+04
    0.37434E-03    0.20151E+04
    0.38190E-03    0.20539E+04
    0.38962E-03    0.20934E+04
    0.39749E-03    0.21336E+04
    0.40552E-03    0.21746E+04
    0.41371E-03    0.22164E+04
    0.42207E-03    0.22590E+04
    0.43060E-03    0.23023E+04
    0.43929E-03    0.23465E+04
    0.44817E-03    0.23916E+04
    0.45722E-03    0.24374E+04
    0.46646E-03    0.24841E+04
    0.47588E-03    0.25317E+04
    0.48550E-03    0.25802E+04
    0.49530E-03    0.26296E+04
    0.50531E-03    0.26800E+04
    0.51552E-03    0.27312E+04
    0.52593E-03    0.27834E+04
    0.53656E-03    0.28366E+04
    0.54739E-03    0.28908E+04
    0.55845E-03    0.29460E+04
    0.56973E-03    0.30022E+04
    0.58124E-03    0.30594E+04
    0.59299E-03    0.31177E+04
    0.60496E-03    0.31771E+04
    0.61719E-03    0.32376E+04
    0.62965E-03    0.32992E+04
    0.64237E-03    0.33619E+04
    0.65535E-03    0.34258E+04
    0.66859E-03    0.34908E+04
    0.68210E-03    0.35570E+04
    0.69588E-03    0.36244E+04
    0.70993E-03    0.36931E+04
    0.72427E-03    0.37630E+04
    0.73891E-03    0.38342E+04
    0.75383E-03    0.39066E+04
    0.76906E-03    0.39804E+04
    0.78460E-03    0.40555E+04
    0.80045E-03    0.41319E+04
    0.81662E-03    0.42097E+04
    0.83311E-03    0.42889E+04
    0.84994E-03    0.43695E+04
    0.86711E-03    0.44515E+04
    0.88463E-03    0.45350E+04
    0.90250E-03    0.46200E+04
    0.92073E-03    0.47064E+04
    0.93933E-03    0.47944E+04
    0.95831E-03    0.48839E+04
    0.97767E-03    0.49750E+04
    0.99742E-03    0.50677E+04
    0.10176E-02    0.51620E+04
    0.10381E-02    0.52579E+04
    0.10591E-02    0.53554E+04
    0.10805E-02    0.54547E+04
    0.11023E-02    0.55556E+04
    0.11246E-02    0.56582E+04
    0.11473E-02    0.57626E+04
    0.11705E-02    0.58688E+04
    0.11941E-02    0.59767E+04
    0.12182E-02    0.60865E+04
    0.12429E-02    0.61981E+04
    0.12680E-02    0.63115E+04
    0.12936E-02    0.64268E+04
    0.13197E-02    0.65440E+04
    0.13464E-02    0.66631E+04
    0.13736E-02    0.67842E+04
    0.14013E-02    0.69072E+04
    0.14296E-02    0.70322E+04
    0.14585E-02    0.71592E+04
    0.14880E-02    0.72882E+04
    0.15180E-02    0.74192E+04
    0.15487E-02    0.75523E+04
    0.15800E-02    0.76875E+04
    0.16119E-02    0.78248E+04
    0.16445E-02    0.79642E+04
    0.16777E-02    0.81057E+04
    0.17116E-02    0.82493E+04
    0.17462E-02    0.83952E+04
    0.17814E-02    0.85432E+04
    0.18174E-02    0.86934E+04
    0.18541E-02    0.88458E+04
    0.18916E-02    0.90005E+04
    0.19298E-02    0.91573E+04
    0.19688E-02    0.93164E+04
    0.20086E-02    0.94778E+04
    0.20491E-02    0.96415E+04
    0.20905E-02    0.98074E+04
    0.21328E-02    0.99756E+04
    0.21758E-02    0.10146E+05
    0.22198E-02    0.10319E+05
    0.22646E-02    0.10494E+05
    0.23104E-02    0.10671E+05
    0.23571E-02    0.10851E+05
    0.24047E-02    0.11033E+05
    0.24533E-02    0.11217E+05
    0.25028E-02    0.11404E+05
    0.25534E-02    0.11593E+05
    0.26050E-02    0.11784E+05
    0.26576E-02    0.11978E+05
    0.27113E-02    0.12174E+05
    0.27660E-02    0.12372E+05
    0.28219E-02    0.12572E+05
    0.28789E-02    0.12775E+05
    0.29371E-02    0.12980E+05
    0.29964E-02    0.13187E+05
    0.30569E-02    0.13396E+05
    0.31187E-02    0.13608E+05
    0.31817E-02    0.13821E+05
    0.32460E-02    0.14037E+05
    0.33115E-02    0.14255E+05
    0.33784E-02    0.14475E+05
    0.34467E-02    0.14696E+05
    0.35163E-02    0.14920E+05
    0.35874E-02    0.15146E+05
    0.36598E-02    0.15374E+05
    0.37338E-02    0.15604E+05
    0.38092E-02    0.15836E+05
    0.38861E-02    0.16069E+05
    0.39646E-02    0.16304E+05
    0.40447E-02    0.16540E+05
    0.41264E-02    0.16778E+05
    0.42098E-02    0.17017E+05
    0.42948E-02    0.17259E+05
    0.43816E-02    0.17502E+05
    0.44701E-02    0.17748E+05
    0.45604E-02    0.17996E+05
    0.46525E-02    0.18245E+05
    0.47465E-02    0.18493E+05
    0.48424E-02    0.18739E+05
    0.49402E-02    0.18981E+05
    0.50400E-02    0.19219E+05
    0.51419E-02    0.19455E+05
    0.52457E-02    0.19690E+05
    0.53517E-02    0.19927E+05
    0.54598E-02    0.20169E+05
    0.55701E-02    0.20416E+05
    0.56826E-02    0.20666E+05
    0.57974E-02    0.20919E+05
    0.59145E-02    0.21172E+05
    0.60340E-02    0.21425E+05
    0.61559E-02    0.21675E+05
    0.62803E-02    0.21924E+05
    0.64072E-02    0.22172E+05
    0.65366E-02    0.22418E+05
    0.66686E-02    0.22664E+05
    0.68033E-02    0.22908E+05
    0.69408E-02    0.23151E+05
    0.70810E-02    0.23393E+05
    0.72240E-02    0.23633E+05
    0.73700E-02    0.23871E+05
    0.75189E-02    0.24107E+05
    0.76708E-02    0.24340E+05
    0.78257E-02    0.24570E+05
    0.79838E-02    0.24798E+05
    0.81451E-02    0.25023E+05
    0.83096E-02    0.25245E+05
    0.84775E-02    0.25464E+05
    0.86488E-02    0.25679E+05
    0.88235E-02    0.25891E+05
    0.90017E-02    0.26099E+05
    0.91836E-02    0.26302E+05
    0.93691E-02    0.26500E+05
    0.95583E-02    0.26692E+05
    0.97514E-02    0.26879E+05
    0.99484E-02    0.27059E+05
    0.10149E-01    0.27232E+05
    0.10354E-01    0.27399E+05
    0.10564E-01    0.27558E+05
    0.10777E-01    0.27712E+05
    0.10995E-01    0.27858E+05
    0.11217E-01    0.27999E+05
    0.11443E-01    0.28132E+05
    0.11675E-01    0.28259E+05
    0.11910E-01    0.28378E+05
    0.12151E-01    0.28489E+05
    0.12397E-01    0.28592E+05
    0.12647E-01    0.28686E+05
    0.12902E-01    0.28771E+05
    0.13163E-01    0.28846E+05
    0.13429E-01    0.28911E+05
    0.13700E-01    0.28964E+05
    0.13977E-01    0.29006E+05
    0.14259E-01    0.29037E+05
    0.14547E-01    0.29056E+05
    0.14841E-01    0.29063E+05
    0.15141E-01    0.29058E+05
    0.15447E-01    0.29041E+05
    0.15759E-01    0.29012E+05
    0.16077E-01    0.28971E+05
    0.16402E-01    0.28917E+05
    0.16734E-01    0.28850E+05
    0.17072E-01    0.28771E+05
    0.17416E-01    0.28678E+05
    0.17768E-01    0.28572E+05
    0.18127E-01    0.28453E+05
    0.18493E-01    0.28319E+05
    0.18867E-01    0.28171E+05
    0.19248E-01    0.28010E+05
    0.19637E-01    0.27835E+05
    0.20034E-01    0.27646E+05
    0.20438E-01    0.27443E+05
    0.20851E-01    0.27227E+05
    0.21272E-01    0.26997E+05
    0.21702E-01    0.26754E+05
    0.22141E-01    0.26497E+05
    0.22588E-01    0.26228E+05
    0.23044E-01    0.25946E+05
    0.23510E-01    0.25652E+05
    0.23985E-01    0.25347E+05
    0.24469E-01    0.25031E+05
    0.24964E-01    0.24705E+05
    0.25468E-01    0.24368E+05
    0.25982E-01    0.24021E+05
    0.26507E-01    0.23664E+05
    0.27043E-01    0.23298E+05
    0.27589E-01    0.22922E+05
    0.28146E-01    0.22539E+05
    0.28715E-01    0.22150E+05
    0.29295E-01    0.21757E+05
    0.29887E-01    0.21360E+05
    0.30490E-01    0.20961E+05
    0.31106E-01    0.20561E+05
    0.31735E-01    0.20160E+05
    0.32376E-01    0.19760E+05
    0.33030E-01    0.19362E+05
    0.33697E-01    0.18965E+05
    0.34378E-01    0.18572E+05
    0.35072E-01    0.18183E+05
    0.35781E-01    0.17800E+05
    0.36504E-01    0.17421E+05
    0.37241E-01    0.17050E+05
    0.37993E-01    0.16687E+05
    0.38761E-01    0.16332E+05
    0.39544E-01    0.15986E+05
    0.40343E-01    0.15651E+05
    0.41158E-01    0.15326E+05
    0.41989E-01    0.15013E+05
    0.42838E-01    0.14712E+05
    0.43703E-01    0.14424E+05
    0.44586E-01    0.14148E+05
    0.45486E-01    0.13886E+05
    0.46405E-01    0.13636E+05
    0.47343E-01    0.13398E+05
    0.48299E-01    0.13172E+05
    0.49275E-01    0.12957E+05
    0.50270E-01    0.12753E+05
    0.51286E-01    0.12558E+05
    0.52322E-01    0.12372E+05
    0.53379E-01    0.12193E+05
    0.54457E-01    0.12022E+05
    0.55557E-01    0.11856E+05
    0.56680E-01    0.11694E+05
    0.57825E-01    0.11534E+05
    0.58993E-01    0.11375E+05
    0.60184E-01    0.11214E+05
    0.61400E-01    0.11051E+05
    0.62641E-01    0.10883E+05
    0.63906E-01    0.10707E+05
    0.65197E-01    0.10522E+05
    0.66514E-01    0.10327E+05
    0.67858E-01    0.10120E+05
    0.69229E-01    0.99021E+04
    0.70627E-01    0.96729E+04
    0.72054E-01    0.94332E+04
    0.73510E-01    0.91834E+04
    0.74994E-01    0.89247E+04
    0.76509E-01    0.86585E+04
    0.78055E-01    0.83864E+04
    0.79632E-01    0.81097E+04
    0.81241E-01    0.78300E+04
    0.82882E-01    0.75497E+04
    0.84556E-01    0.72727E+04
    0.86264E-01    0.70022E+04
    0.88007E-01    0.67413E+04
    0.89785E-01    0.64923E+04
    0.91598E-01    0.62572E+04
    0.93449E-01    0.60376E+04
    0.95337E-01    0.58347E+04
    0.97263E-01    0.56497E+04
    0.99227E-01    0.54832E+04
    0.10123E+00    0.53350E+04
    0.10328E+00    0.52032E+04
    0.10536E+00    0.50860E+04
    0.10749E+00    0.49819E+04
    0.10966E+00    0.48894E+04
    0.11188E+00    0.48059E+04
    0.11414E+00    0.47274E+04
    0.11644E+00    0.46499E+04
    0.11880E+00    0.45698E+04
    0.12120E+00    0.44837E+04
    0.12365E+00    0.43894E+04
    0.12614E+00    0.42862E+04
    0.12869E+00    0.41738E+04
    0.13129E+00    0.40517E+04
    0.13394E+00    0.39200E+04
    0.13665E+00    0.37807E+04
    0.13941E+00    0.36382E+04
    0.14223E+00    0.34966E+04
    0.14510E+00    0.33594E+04
    0.14803E+00    0.32294E+04
    0.15102E+00    0.31088E+04
    0.15407E+00    0.29987E+04
    0.15718E+00    0.29002E+04
    0.16036E+00    0.28142E+04
    0.16360E+00    0.27412E+04
    0.16690E+00    0.26799E+04
    0.17028E+00    0.26263E+04
    0.17371E+00    0.25762E+04
    0.17722E+00    0.25263E+04
    0.18080E+00    0.24731E+04
    0.18446E+00    0.24152E+04
    0.18818E+00    0.23527E+04
    0.19198E+00    0.22864E+04
    0.19586E+00    0.22167E+04
    0.19982E+00    0.21441E+04
    0.20386E+00    0.20704E+04
    0.20797E+00    0.19983E+04
    0.21218E+00    0.19304E+04
    0.21646E+00    0.18689E+04
    0.22083E+00    0.18157E+04
    0.22530E+00    0.17705E+04
    0.22985E+00    0.17306E+04
    0.23449E+00    0.16933E+04
    0.23923E+00    0.16564E+04
    0.24406E+00    0.16176E+04
    0.24899E+00    0.15763E+04
    0.25402E+00    0.15338E+04
    0.25915E+00    0.14911E+04
    0.26439E+00    0.14494E+04
    0.26973E+00    0.14096E+04
    0.27518E+00    0.13721E+04
    0.28074E+00    0.13366E+04
    0.28641E+00    0.13030E+04
    0.29219E+00    0.12709E+04
    0.29810E+00    0.12402E+04
    0.30412E+00    0.12108E+04
    0.31026E+00    0.11823E+04
    0.31653E+00    0.11547E+04
    0.32292E+00    0.11277E+04
    0.32945E+00    0.11014E+04
    0.33610E+00    0.10756E+04
    0.34289E+00    0.10504E+04
    0.34982E+00    0.10259E+04
    0.35689E+00    0.10022E+04
    0.36409E+00    0.97935E+03
    0.37145E+00    0.95731E+03
    0.37895E+00    0.93607E+03
    0.38661E+00    0.91556E+03
    0.39442E+00    0.89574E+03
    0.40239E+00    0.87656E+03
    0.41052E+00    0.85798E+03
    0.41881E+00    0.83995E+03
    0.42727E+00    0.82243E+03
    0.43590E+00    0.80538E+03
    0.44471E+00    0.78876E+03
    0.45369E+00    0.77257E+03
    0.46286E+00    0.75679E+03
    0.47221E+00    0.74143E+03
    0.48174E+00    0.72649E+03
    0.49148E+00    0.71197E+03
    0.50141E+00    0.69786E+03
    0.51153E+00    0.68413E+03
    0.52187E+00    0.67077E+03
    0.53241E+00    0.65775E+03
    0.54317E+00    0.64504E+03
    0.55414E+00    0.63264E+03
    0.56533E+00    0.62054E+03
    0.57675E+00    0.60871E+03
    0.58840E+00    0.59714E+03
    0.60029E+00    0.58584E+03
    0.61242E+00    0.57479E+03
    0.62479E+00    0.56397E+03
    0.63741E+00    0.55338E+03
    0.65029E+00    0.54300E+03
    0.66342E+00    0.53284E+03
    0.67683E+00    0.52287E+03
    0.69050E+00    0.51310E+03
    0.70445E+00    0.50351E+03
    0.71868E+00    0.49409E+03
    0.73320E+00    0.48485E+03
    0.74801E+00    0.47576E+03
    0.76312E+00    0.46684E+03
    0.77854E+00    0.45806E+03
    0.79426E+00    0.44943E+03
    0.81031E+00    0.44094E+03
    0.82668E+00    0.43258E+03
    0.84338E+00    0.42435E+03
    0.86041E+00    0.41624E+03
    0.87780E+00    0.40826E+03
    0.89553E+00    0.40039E+03
    0.91362E+00    0.39263E+03
    0.93208E+00    0.38498E+03
    0.95091E+00    0.37744E+03
    0.97011E+00    0.37001E+03
    0.98971E+00    0.36267E+03
    0.10097E+01    0.35543E+03
    0.10301E+01    0.34828E+03
    0.10509E+01    0.34123E+03
    0.10721E+01    0.33426E+03
    0.10938E+01    0.32739E+03
    0.11159E+01    0.32060E+03
    0.11384E+01    0.31390E+03
    0.11614E+01    0.30728E+03
    0.11849E+01    0.30075E+03
    0.12088E+01    0.29429E+03
    0.12333E+01    0.28792E+03
    0.12582E+01    0.28163E+03
    0.12836E+01    0.27541E+03
    0.13095E+01    0.26927E+03
    0.13360E+01    0.26321E+03
    0.13630E+01    0.25723E+03
    0.13905E+01    0.25133E+03
    0.14186E+01    0.24550E+03
    0.14472E+01    0.23974E+03
    0.14765E+01    0.23407E+03
    0.15063E+01    0.22846E+03
    0.15367E+01    0.22294E+03
    0.15678E+01    0.21749E+03
    0.15994E+01    0.21211E+03
    0.16318E+01    0.20682E+03
    0.16647E+01    0.20159E+03
    0.16984E+01    0.19645E+03
    0.17327E+01    0.19138E+03
    0.17677E+01    0.18639E+03
    0.18034E+01    0.18148E+03
    0.18398E+01    0.17664E+03
    0.18770E+01    0.17188E+03
    0.19149E+01    0.16720E+03
    0.19536E+01    0.16260E+03
    0.19930E+01    0.15808E+03
    0.20333E+01    0.15363E+03
    0.20744E+01    0.14927E+03
    0.21163E+01    0.14498E+03
    0.21590E+01    0.14078E+03
    0.22026E+01    0.13665E+03
    0.22471E+01    0.13260E+03
    0.22925E+01    0.12864E+03
    0.23388E+01    0.12475E+03
    0.23861E+01    0.12095E+03
    0.24343E+01    0.11722E+03
    0.24835E+01    0.11357E+03
    0.25336E+01    0.11000E+03
    0.25848E+01    0.10651E+03
    0.26370E+01    0.10311E+03
    0.26903E+01    0.99774E+02
    0.27447E+01    0.96521E+02
    0.28001E+01    0.93346E+02
    0.28567E+01    0.90248E+02
    0.29144E+01    0.87227E+02
    0.29733E+01    0.84282E+02
    0.30333E+01    0.81412E+02
    0.30946E+01    0.78617E+02
    0.31571E+01    0.75896E+02
    0.32209E+01    0.73248E+02
    0.32860E+01    0.70672E+02
    0.33523E+01    0.68167E+02
    0.34201E+01    0.65733E+02
    0.34892E+01    0.63367E+02
    0.35596E+01    0.61070E+02
    0.36316E+01    0.58841E+02
    0.37049E+01    0.56677E+02
    0.37798E+01    0.54579E+02
    0.38561E+01    0.52544E+02
    0.39340E+01    0.50572E+02
    0.40135E+01    0.48662E+02
    0.40946E+01    0.46812E+02
    0.41773E+01    0.45021E+02
    0.42617E+01    0.43288E+02
    0.43478E+01    0.41612E+02
    0.44356E+01    0.39990E+02
    0.45252E+01    0.38424E+02
    0.46166E+01    0.36909E+02
    0.47099E+01    0.35447E+02
    0.48050E+01    0.34035E+02
    0.49021E+01    0.32672E+02
    0.50011E+01    0.31356E+02
    0.51021E+01    0.30088E+02
    0.52052E+01    0.28864E+02
    0.53104E+01    0.27685E+02
    0.54176E+01    0.26548E+02
    0.55271E+01    0.25453E+02
    0.56387E+01    0.24399E+02
    0.57526E+01    0.23383E+02
    0.58689E+01    0.22406E+02
    0.59874E+01    0.21466E+02
    0.61084E+01    0.20561E+02
    0.62318E+01    0.19691E+02
    0.63577E+01    0.18855E+02
    0.64861E+01    0.18051E+02
    0.66171E+01    0.17279E+02
    0.67508E+01    0.16536E+02
    0.68872E+01    0.15824E+02
    0.70263E+01    0.15139E+02
    0.71682E+01    0.14482E+02
    0.73130E+01    0.13852E+02
    0.74608E+01    0.13247E+02
    0.76115E+01    0.12667E+02
    0.77653E+01    0.12110E+02
    0.79221E+01    0.11576E+02
    0.80822E+01    0.11065E+02
    0.82454E+01    0.10575E+02
    0.84120E+01    0.10105E+02
    0.85819E+01    0.96544E+01
    0.87553E+01    0.92232E+01
    0.89322E+01    0.88102E+01
    0.91126E+01    0.84147E+01
    0.92967E+01    0.80361E+01
    0.94845E+01    0.76737E+01
    0.96761E+01    0.73269E+01
    0.98716E+01    0.69950E+01
    0.10071E+02    0.66775E+01
    0.10274E+02    0.63737E+01
    0.10482E+02    0.60833E+01
    0.10694E+02    0.58054E+01
    0.10910E+02    0.55399E+01
    0.11130E+02    0.52859E+01
    0.11355E+02    0.50432E+01
    0.11584E+02    0.48113E+01
    0.11818E+02    0.45896E+01
    0.12057E+02    0.43778E+01
    0.12301E+02    0.41754E+01
    0.12549E+02    0.39821E+01
    0.12803E+02    0.37975E+01
    0.13061E+02    0.36212E+01
    0.13325E+02    0.34528E+01
    0.13594E+02    0.32921E+01
    0.13869E+02    0.31386E+01
    0.14149E+02    0.29921E+01
    0.14435E+02    0.28522E+01
    0.14727E+02    0.27187E+01
    0.15024E+02    0.25913E+01
    0.15328E+02    0.24698E+01
    0.15637E+02    0.23538E+01
    0.15953E+02    0.22432E+01
    0.16275E+02    0.21376E+01
    0.16604E+02    0.20369E+01
    0.16940E+02    0.19408E+01
    0.17282E+02    0.18492E+01
    0.17631E+02    0.17619E+01
    0.17987E+02    0.16785E+01
    0.18351E+02    0.15991E+01
    0.18721E+02    0.15234E+01
    0.19099E+02    0.14511E+01
    0.19485E+02    0.13823E+01
    0.19879E+02    0.13166E+01
    0.20280E+02    0.12540E+01
    0.20690E+02    0.11944E+01
    0.21108E+02    0.11375E+01
    0.21535E+02    0.10834E+01
