    0.10000E-03    0.46682E+03
    0.10202E-03    0.47586E+03
    0.10408E-03    0.48508E+03
    0.10618E-03    0.49448E+03
    0.10833E-03    0.50406E+03
    0.11052E-03    0.51382E+03
    0.11275E-03    0.52377E+03
    0.11503E-03    0.53392E+03
    0.11735E-03    0.54426E+03
    0.11972E-03    0.55481E+03
    0.12214E-03    0.56555E+03
    0.12461E-03    0.57651E+03
    0.12712E-03    0.58767E+03
    0.12969E-03    0.59905E+03
    0.13231E-03    0.61066E+03
    0.13499E-03    0.62248E+03
    0.13771E-03    0.63454E+03
    0.14049E-03    0.64682E+03
    0.14333E-03    0.65935E+03
    0.14623E-03    0.67211E+03
    0.14918E-03    0.68513E+03
    0.15220E-03    0.69839E+03
    0.15527E-03    0.71191E+03
    0.15841E-03    0.72569E+03
    0.16161E-03    0.73974E+03
    0.16487E-03    0.75406E+03
    0.16820E-03    0.76865E+03
    0.17160E-03    0.78353E+03
    0.17507E-03    0.79869E+03
    0.17860E-03    0.81415E+03
    0.18221E-03    0.82990E+03
    0.18589E-03    0.84596E+03
    0.18965E-03    0.86233E+03
    0.19348E-03    0.87901E+03
    0.19739E-03    0.89601E+03
    0.20138E-03    0.91335E+03
    0.20544E-03    0.93101E+03
    0.20959E-03    0.94901E+03
    0.21383E-03    0.96737E+03
    0.21815E-03    0.98607E+03
    0.22255E-03    0.10051E+04
    0.22705E-03    0.10246E+04
    0.23164E-03    0.10444E+04
    0.23632E-03    0.10645E+04
    0.24109E-03    0.10851E+04
    0.24596E-03    0.11061E+04
    0.25093E-03    0.11275E+04
    0.25600E-03    0.11492E+04
    0.26117E-03    0.11714E+04
    0.26645E-03    0.11941E+04
    0.27183E-03    0.12171E+04
    0.27732E-03    0.12406E+04
    0.28292E-03    0.12645E+04
    0.28864E-03    0.12890E+04
    0.29447E-03    0.13138E+04
    0.30042E-03    0.13392E+04
    0.30649E-03    0.13650E+04
    0.31268E-03    0.13913E+04
    0.31899E-03    0.14181E+04
    0.32544E-03    0.14455E+04
    0.33201E-03    0.14733E+04
    0.33872E-03    0.15017E+04
    0.34556E-03    0.15307E+04
    0.35254E-03    0.15601E+04
    0.35966E-03    0.15902E+04
    0.36693E-03    0.16208E+04
    0.37434E-03    0.16520E+04
    0.38190E-03    0.16837E+04
    0.38962E-03    0.17161E+04
    0.39749E-03    0.17491E+04
    0.40552E-03    0.17827E+04
    0.41371E-03    0.18170E+04
    0.42207E-03    0.18519E+04
    0.43060E-03    0.18874E+04
    0.43929E-03    0.19237E+04
    0.44817E-03    0.19606E+04
    0.45722E-03    0.19982E+04
    0.46646E-03    0.20365E+04
    0.47588E-03    0.20755E+04
    0.48550E-03    0.21153E+04
    0.49530E-03    0.21558E+04
    0.50531E-03    0.21971E+04
    0.51552E-03    0.22391E+04
    0.52593E-03    0.22819E+04
    0.53656E-03    0.23255E+04
    0.54739E-03    0.23699E+04
    0.55845E-03    0.24152E+04
    0.56973E-03    0.24613E+04
    0.58124E-03    0.25082E+04
    0.59299E-03    0.25560E+04
    0.60496E-03    0.26047E+04
    0.61719E-03    0.26543E+04
    0.62965E-03    0.27048E+04
    0.64237E-03    0.27562E+04
    0.65535E-03    0.28086E+04
    0.66859E-03    0.28619E+04
    0.68210E-03    0.29162E+04
    0.69588E-03    0.29715E+04
    0.70993E-03    0.30278E+04
    0.72427E-03    0.30851E+04
    0.73891E-03    0.31434E+04
    0.75383E-03    0.32028E+04
    0.76906E-03    0.32633E+04
    0.78460E-03    0.33249E+04
    0.80045E-03    0.33875E+04
    0.81662E-03    0.34513E+04
    0.83311E-03    0.35163E+04
    0.84994E-03    0.35823E+04
    0.86711E-03    0.36496E+04
    0.88463E-03    0.37181E+04
    0.90250E-03    0.37877E+04
    0.92073E-03    0.38586E+04
    0.93933E-03    0.39307E+04
    0.95831E-03    0.40041E+04
    0.97767E-03    0.40788E+04
    0.99742E-03    0.41548E+04
    0.10176E-02    0.42321E+04
    0.10381E-02    0.43107E+04
    0.10591E-02    0.43907E+04
    0.10805E-02    0.44721E+04
    0.11023E-02    0.45548E+04
    0.11246E-02    0.46390E+04
    0.11473E-02    0.47246E+04
    0.11705E-02    0.48116E+04
    0.11941E-02    0.49001E+04
    0.12182E-02    0.49901E+04
    0.12429E-02    0.50816E+04
    0.12680E-02    0.51746E+04
    0.12936E-02    0.52691E+04
    0.13197E-02    0.53652E+04
    0.13464E-02    0.54629E+04
    0.13736E-02    0.55622E+04
    0.14013E-02    0.56630E+04
    0.14296E-02    0.57655E+04
    0.14585E-02    0.58696E+04
    0.14880E-02    0.59754E+04
    0.15180E-02    0.60828E+04
    0.15487E-02    0.61920E+04
    0.15800E-02    0.63028E+04
    0.16119E-02    0.64154E+04
    0.16445E-02    0.65297E+04
    0.16777E-02    0.66457E+04
    0.17116E-02    0.67635E+04
    0.17462E-02    0.68830E+04
    0.17814E-02    0.70044E+04
    0.18174E-02    0.71276E+04
    0.18541E-02    0.72525E+04
    0.18916E-02    0.73793E+04
    0.19298E-02    0.75079E+04
    0.19688E-02    0.76384E+04
    0.20086E-02    0.77707E+04
    0.20491E-02    0.79049E+04
    0.20905E-02    0.80409E+04
    0.21328E-02    0.81788E+04
    0.21758E-02    0.83186E+04
    0.22198E-02    0.84603E+04
    0.22646E-02    0.86039E+04
    0.23104E-02    0.87493E+04
    0.23571E-02    0.88967E+04
    0.24047E-02    0.90459E+04
    0.24533E-02    0.91970E+04
    0.25028E-02    0.93501E+04
    0.25534E-02    0.95050E+04
    0.26050E-02    0.96618E+04
    0.26576E-02    0.98205E+04
    0.27113E-02    0.99811E+04
    0.27660E-02    0.10144E+05
    0.28219E-02    0.10308E+05
    0.28789E-02    0.10474E+05
    0.29371E-02    0.10642E+05
    0.29964E-02    0.10812E+05
    0.30569E-02    0.10984E+05
    0.31187E-02    0.11157E+05
    0.31817E-02    0.11332E+05
    0.32460E-02    0.11509E+05
    0.33115E-02    0.11687E+05
    0.33784E-02    0.11867E+05
    0.34467E-02    0.12049E+05
    0.35163E-02    0.12233E+05
    0.35874E-02    0.12418E+05
    0.36598E-02    0.12604E+05
    0.37338E-02    0.12793E+05
    0.38092E-02    0.12983E+05
    0.38861E-02    0.13174E+05
    0.39646E-02    0.13367E+05
    0.40447E-02    0.13562E+05
    0.41264E-02    0.13758E+05
    0.42098E-02    0.13956E+05
    0.42948E-02    0.14155E+05
    0.43816E-02    0.14355E+05
    0.44701E-02    0.14556E+05
    0.45604E-02    0.14757E+05
    0.46525E-02    0.14959E+05
    0.47465E-02    0.15161E+05
    0.48424E-02    0.15363E+05
    0.49402E-02    0.15565E+05
    0.50400E-02    0.15766E+05
    0.51419E-02    0.15967E+05
    0.52457E-02    0.16168E+05
    0.53517E-02    0.16369E+05
    0.54598E-02    0.16569E+05
    0.55701E-02    0.16770E+05
    0.56826E-02    0.16971E+05
    0.57974E-02    0.17172E+05
    0.59145E-02    0.17373E+05
    0.60340E-02    0.17575E+05
    0.61559E-02    0.17778E+05
    0.62803E-02    0.17981E+05
    0.64072E-02    0.18184E+05
    0.65366E-02    0.18387E+05
    0.66686E-02    0.18590E+05
    0.68033E-02    0.18791E+05
    0.69408E-02    0.18993E+05
    0.70810E-02    0.19193E+05
    0.72240E-02    0.19391E+05
    0.73700E-02    0.19588E+05
    0.75189E-02    0.19783E+05
    0.76708E-02    0.19975E+05
    0.78257E-02    0.20166E+05
    0.79838E-02    0.20354E+05
    0.81451E-02    0.20539E+05
    0.83096E-02    0.20721E+05
    0.84775E-02    0.20901E+05
    0.86488E-02    0.21077E+05
    0.88235E-02    0.21249E+05
    0.90017E-02    0.21419E+05
    0.91836E-02    0.21584E+05
    0.93691E-02    0.21745E+05
    0.95583E-02    0.21902E+05
    0.97514E-02    0.22055E+05
    0.99484E-02    0.22203E+05
    0.10149E-01    0.22346E+05
    0.10354E-01    0.22485E+05
    0.10564E-01    0.22619E+05
    0.10777E-01    0.22747E+05
    0.10995E-01    0.22870E+05
    0.11217E-01    0.22988E+05
    0.11443E-01    0.23099E+05
    0.11675E-01    0.23205E+05
    0.11910E-01    0.23304E+05
    0.12151E-01    0.23395E+05
    0.12397E-01    0.23480E+05
    0.12647E-01    0.23558E+05
    0.12902E-01    0.23627E+05
    0.13163E-01    0.23688E+05
    0.13429E-01    0.23741E+05
    0.13700E-01    0.23785E+05
    0.13977E-01    0.23821E+05
    0.14259E-01    0.23847E+05
    0.14547E-01    0.23863E+05
    0.14841E-01    0.23871E+05
    0.15141E-01    0.23868E+05
    0.15447E-01    0.23856E+05
    0.15759E-01    0.23833E+05
    0.16077E-01    0.23800E+05
    0.16402E-01    0.23757E+05
    0.16734E-01    0.23703E+05
    0.17072E-01    0.23639E+05
    0.17416E-01    0.23564E+05
    0.17768E-01    0.23478E+05
    0.18127E-01    0.23381E+05
    0.18493E-01    0.23272E+05
    0.18867E-01    0.23153E+05
    0.19248E-01    0.23022E+05
    0.19637E-01    0.22880E+05
    0.20034E-01    0.22726E+05
    0.20438E-01    0.22562E+05
    0.20851E-01    0.22386E+05
    0.21272E-01    0.22199E+05
    0.21702E-01    0.22000E+05
    0.22141E-01    0.21792E+05
    0.22588E-01    0.21572E+05
    0.23044E-01    0.21342E+05
    0.23510E-01    0.21102E+05
    0.23985E-01    0.20851E+05
    0.24469E-01    0.20591E+05
    0.24964E-01    0.20322E+05
    0.25468E-01    0.20044E+05
    0.25982E-01    0.19757E+05
    0.26507E-01    0.19464E+05
    0.27043E-01    0.19164E+05
    0.27589E-01    0.18858E+05
    0.28146E-01    0.18546E+05
    0.28715E-01    0.18230E+05
    0.29295E-01    0.17910E+05
    0.29887E-01    0.17586E+05
    0.30490E-01    0.17260E+05
    0.31106E-01    0.16932E+05
    0.31735E-01    0.16603E+05
    0.32376E-01    0.16275E+05
    0.33030E-01    0.15948E+05
    0.33697E-01    0.15622E+05
    0.34378E-01    0.15299E+05
    0.35072E-01    0.14980E+05
    0.35781E-01    0.14665E+05
    0.36504E-01    0.14354E+05
    0.37241E-01    0.14049E+05
    0.37993E-01    0.13750E+05
    0.38761E-01    0.13458E+05
    0.39544E-01    0.13174E+05
    0.40343E-01    0.12899E+05
    0.41158E-01    0.12632E+05
    0.41989E-01    0.12375E+05
    0.42838E-01    0.12128E+05
    0.43703E-01    0.11892E+05
    0.44586E-01    0.11667E+05
    0.45486E-01    0.11452E+05
    0.46405E-01    0.11248E+05
    0.47343E-01    0.11054E+05
    0.48299E-01    0.10869E+05
    0.49275E-01    0.10693E+05
    0.50270E-01    0.10525E+05
    0.51286E-01    0.10365E+05
    0.52322E-01    0.10212E+05
    0.53379E-01    0.10066E+05
    0.54457E-01    0.99276E+04
    0.55557E-01    0.97943E+04
    0.56680E-01    0.96647E+04
    0.57825E-01    0.95367E+04
    0.58993E-01    0.94087E+04
    0.60184E-01    0.92787E+04
    0.61400E-01    0.91453E+04
    0.62641E-01    0.90069E+04
    0.63906E-01    0.88620E+04
    0.65197E-01    0.87094E+04
    0.66514E-01    0.85480E+04
    0.67858E-01    0.83771E+04
    0.69229E-01    0.81971E+04
    0.70627E-01    0.80083E+04
    0.72054E-01    0.78112E+04
    0.73510E-01    0.76061E+04
    0.74994E-01    0.73937E+04
    0.76509E-01    0.71744E+04
    0.78055E-01    0.69490E+04
    0.79632E-01    0.67181E+04
    0.81241E-01    0.64824E+04
    0.82882E-01    0.62443E+04
    0.84556E-01    0.60081E+04
    0.86264E-01    0.57773E+04
    0.88007E-01    0.55552E+04
    0.89785E-01    0.53444E+04
    0.91598E-01    0.51473E+04
    0.93449E-01    0.49658E+04
    0.95337E-01    0.48013E+04
    0.97263E-01    0.46552E+04
    0.99227E-01    0.45286E+04
    0.10123E+00    0.44204E+04
    0.10328E+00    0.43266E+04
    0.10536E+00    0.42433E+04
    0.10749E+00    0.41673E+04
    0.10966E+00    0.40952E+04
    0.11188E+00    0.40241E+04
    0.11414E+00    0.39513E+04
    0.11644E+00    0.38743E+04
    0.11880E+00    0.37906E+04
    0.12120E+00    0.36983E+04
    0.12365E+00    0.35975E+04
    0.12614E+00    0.34905E+04
    0.12869E+00    0.33799E+04
    0.13129E+00    0.32679E+04
    0.13394E+00    0.31564E+04
    0.13665E+00    0.30473E+04
    0.13941E+00    0.29421E+04
    0.14223E+00    0.28420E+04
    0.14510E+00    0.27483E+04
    0.14803E+00    0.26618E+04
    0.15102E+00    0.25825E+04
    0.15407E+00    0.25091E+04
    0.15718E+00    0.24404E+04
    0.16036E+00    0.23754E+04
    0.16360E+00    0.23131E+04
    0.16690E+00    0.22527E+04
    0.17028E+00    0.21933E+04
    0.17371E+00    0.21343E+04
    0.17722E+00    0.20750E+04
    0.18080E+00    0.20148E+04
    0.18446E+00    0.19538E+04
    0.18818E+00    0.18927E+04
    0.19198E+00    0.18321E+04
    0.19586E+00    0.17725E+04
    0.19982E+00    0.17144E+04
    0.20386E+00    0.16584E+04
    0.20797E+00    0.16046E+04
    0.21218E+00    0.15535E+04
    0.21646E+00    0.15053E+04
    0.22083E+00    0.14602E+04
    0.22530E+00    0.14182E+04
    0.22985E+00    0.13789E+04
    0.23449E+00    0.13418E+04
    0.23923E+00    0.13067E+04
    0.24406E+00    0.12732E+04
    0.24899E+00    0.12410E+04
    0.25402E+00    0.12098E+04
    0.25915E+00    0.11795E+04
    0.26439E+00    0.11498E+04
    0.26973E+00    0.11205E+04
    0.27518E+00    0.10915E+04
    0.28074E+00    0.10629E+04
    0.28641E+00    0.10348E+04
    0.29219E+00    0.10073E+04
    0.29810E+00    0.98043E+03
    0.30412E+00    0.95424E+03
    0.31026E+00    0.92879E+03
    0.31653E+00    0.90412E+03
    0.32292E+00    0.88026E+03
    0.32945E+00    0.85726E+03
    0.33610E+00    0.83509E+03
    0.34289E+00    0.81374E+03
    0.34982E+00    0.79315E+03
    0.35689E+00    0.77329E+03
    0.36409E+00    0.75412E+03
    0.37145E+00    0.73561E+03
    0.37895E+00    0.71773E+03
    0.38661E+00    0.70044E+03
    0.39442E+00    0.68373E+03
    0.40239E+00    0.66756E+03
    0.41052E+00    0.65190E+03
    0.41881E+00    0.63674E+03
    0.42727E+00    0.62206E+03
    0.43590E+00    0.60783E+03
    0.44471E+00    0.59404E+03
    0.45369E+00    0.58066E+03
    0.46286E+00    0.56768E+03
    0.47221E+00    0.55509E+03
    0.48174E+00    0.54286E+03
    0.49148E+00    0.53099E+03
    0.50141E+00    0.51945E+03
    0.51153E+00    0.50824E+03
    0.52187E+00    0.49734E+03
    0.53241E+00    0.48674E+03
    0.54317E+00    0.47644E+03
    0.55414E+00    0.46640E+03
    0.56533E+00    0.45664E+03
    0.57675E+00    0.44713E+03
    0.58840E+00    0.43787E+03
    0.60029E+00    0.42885E+03
    0.61242E+00    0.42005E+03
    0.62479E+00    0.41147E+03
    0.63741E+00    0.40311E+03
    0.65029E+00    0.39494E+03
    0.66342E+00    0.38696E+03
    0.67683E+00    0.37917E+03
    0.69050E+00    0.37156E+03
    0.70445E+00    0.36411E+03
    0.71868E+00    0.35683E+03
    0.73320E+00    0.34970E+03
    0.74801E+00    0.34272E+03
    0.76312E+00    0.33588E+03
    0.77854E+00    0.32919E+03
    0.79426E+00    0.32262E+03
    0.81031E+00    0.31618E+03
    0.82668E+00    0.30987E+03
    0.84338E+00    0.30367E+03
    0.86041E+00    0.29758E+03
    0.87780E+00    0.29161E+03
    0.89553E+00    0.28574E+03
    0.91362E+00    0.27997E+03
    0.93208E+00    0.27430E+03
    0.95091E+00    0.26872E+03
    0.97011E+00    0.26324E+03
    0.98971E+00    0.25784E+03
    0.10097E+01    0.25253E+03
    0.10301E+01    0.24731E+03
    0.10509E+01    0.24216E+03
    0.10721E+01    0.23710E+03
    0.10938E+01    0.23211E+03
    0.11159E+01    0.22719E+03
    0.11384E+01    0.22235E+03
    0.11614E+01    0.21758E+03
    0.11849E+01    0.21287E+03
    0.12088E+01    0.20824E+03
    0.12333E+01    0.20366E+03
    0.12582E+01    0.19916E+03
    0.12836E+01    0.19471E+03
    0.13095E+01    0.19033E+03
    0.13360E+01    0.18601E+03
    0.13630E+01    0.18175E+03
    0.13905E+01    0.17754E+03
    0.14186E+01    0.17340E+03
    0.14472E+01    0.16932E+03
    0.14765E+01    0.16529E+03
    0.15063E+01    0.16132E+03
    0.15367E+01    0.15742E+03
    0.15678E+01    0.15357E+03
    0.15994E+01    0.14978E+03
    0.16318E+01    0.14605E+03
    0.16647E+01    0.14238E+03
    0.16984E+01    0.13876E+03
    0.17327E+01    0.13520E+03
    0.17677E+01    0.13169E+03
    0.18034E+01    0.12824E+03
    0.18398E+01    0.12483E+03
    0.18770E+01    0.12147E+03
    0.19149E+01    0.11816E+03
    0.19536E+01    0.11490E+03
    0.19930E+01    0.11169E+03
    0.20333E+01    0.10852E+03
    0.20744E+01    0.10541E+03
    0.21163E+01    0.10236E+03
    0.21590E+01    0.99370E+02
    0.22026E+01    0.96446E+02
    0.22471E+01    0.93591E+02
    0.22925E+01    0.90808E+02
    0.23388E+01    0.88099E+02
    0.23861E+01    0.85464E+02
