    0.10000E-03    0.31483E+03
    0.10202E-03    0.32093E+03
    0.10408E-03    0.32715E+03
    0.10618E-03    0.33349E+03
    0.10833E-03    0.33995E+03
    0.11052E-03    0.34654E+03
    0.11275E-03    0.35325E+03
    0.11503E-03    0.36009E+03
    0.11735E-03    0.36707E+03
    0.11972E-03    0.37418E+03
    0.12214E-03    0.38143E+03
    0.12461E-03    0.38881E+03
    0.12712E-03    0.39635E+03
    0.12969E-03    0.40402E+03
    0.13231E-03    0.41185E+03
    0.13499E-03    0.41982E+03
    0.13771E-03    0.42795E+03
    0.14049E-03    0.43624E+03
    0.14333E-03    0.44469E+03
    0.14623E-03    0.45330E+03
    0.14918E-03    0.46208E+03
    0.15220E-03    0.47102E+03
    0.15527E-03    0.48014E+03
    0.15841E-03    0.48944E+03
    0.16161E-03    0.49891E+03
    0.16487E-03    0.50857E+03
    0.16820E-03    0.51841E+03
    0.17160E-03    0.52845E+03
    0.17507E-03    0.53867E+03
    0.17860E-03    0.54910E+03
    0.18221E-03    0.55972E+03
    0.18589E-03    0.57055E+03
    0.18965E-03    0.58159E+03
    0.19348E-03    0.59285E+03
    0.19739E-03    0.60432E+03
    0.20138E-03    0.61600E+03
    0.20544E-03    0.62792E+03
    0.20959E-03    0.64006E+03
    0.21383E-03    0.65244E+03
    0.21815E-03    0.66506E+03
    0.22255E-03    0.67792E+03
    0.22705E-03    0.69102E+03
    0.23164E-03    0.70438E+03
    0.23632E-03    0.71799E+03
    0.24109E-03    0.73187E+03
    0.24596E-03    0.74601E+03
    0.25093E-03    0.76043E+03
    0.25600E-03    0.77512E+03
    0.26117E-03    0.79009E+03
    0.26645E-03    0.80535E+03
    0.27183E-03    0.82090E+03
    0.27732E-03    0.83675E+03
    0.28292E-03    0.85290E+03
    0.28864E-03    0.86937E+03
    0.29447E-03    0.88614E+03
    0.30042E-03    0.90324E+03
    0.30649E-03    0.92066E+03
    0.31268E-03    0.93842E+03
    0.31899E-03    0.95652E+03
    0.32544E-03    0.97496E+03
    0.33201E-03    0.99375E+03
    0.33872E-03    0.10129E+04
    0.34556E-03    0.10324E+04
    0.35254E-03    0.10523E+04
    0.35966E-03    0.10726E+04
    0.36693E-03    0.10932E+04
    0.37434E-03    0.11143E+04
    0.38190E-03    0.11357E+04
    0.38962E-03    0.11575E+04
    0.39749E-03    0.11798E+04
    0.40552E-03    0.12025E+04
    0.41371E-03    0.12256E+04
    0.42207E-03    0.12491E+04
    0.43060E-03    0.12731E+04
    0.43929E-03    0.12976E+04
    0.44817E-03    0.13225E+04
    0.45722E-03    0.13478E+04
    0.46646E-03    0.13737E+04
    0.47588E-03    0.14000E+04
    0.48550E-03    0.14269E+04
    0.49530E-03    0.14542E+04
    0.50531E-03    0.14820E+04
    0.51552E-03    0.15104E+04
    0.52593E-03    0.15393E+04
    0.53656E-03    0.15687E+04
    0.54739E-03    0.15987E+04
    0.55845E-03    0.16292E+04
    0.56973E-03    0.16603E+04
    0.58124E-03    0.16920E+04
    0.59299E-03    0.17242E+04
    0.60496E-03    0.17571E+04
    0.61719E-03    0.17905E+04
    0.62965E-03    0.18246E+04
    0.64237E-03    0.18593E+04
    0.65535E-03    0.18947E+04
    0.66859E-03    0.19306E+04
    0.68210E-03    0.19673E+04
    0.69588E-03    0.20046E+04
    0.70993E-03    0.20426E+04
    0.72427E-03    0.20812E+04
    0.73891E-03    0.21206E+04
    0.75383E-03    0.21607E+04
    0.76906E-03    0.22015E+04
    0.78460E-03    0.22431E+04
    0.80045E-03    0.22853E+04
    0.81662E-03    0.23284E+04
    0.83311E-03    0.23722E+04
    0.84994E-03    0.24168E+04
    0.86711E-03    0.24622E+04
    0.88463E-03    0.25084E+04
    0.90250E-03    0.25554E+04
    0.92073E-03    0.26032E+04
    0.93933E-03    0.26519E+04
    0.95831E-03    0.27014E+04
    0.97767E-03    0.27518E+04
    0.99742E-03    0.28031E+04
    0.10176E-02    0.28553E+04
    0.10381E-02    0.29083E+04
    0.10591E-02    0.29623E+04
    0.10805E-02    0.30172E+04
    0.11023E-02    0.30730E+04
    0.11246E-02    0.31298E+04
    0.11473E-02    0.31876E+04
    0.11705E-02    0.32463E+04
    0.11941E-02    0.33060E+04
    0.12182E-02    0.33667E+04
    0.12429E-02    0.34285E+04
    0.12680E-02    0.34912E+04
    0.12936E-02    0.35550E+04
    0.13197E-02    0.36199E+04
    0.13464E-02    0.36858E+04
    0.13736E-02    0.37527E+04
    0.14013E-02    0.38208E+04
    0.14296E-02    0.38899E+04
    0.14585E-02    0.39602E+04
    0.14880E-02    0.40316E+04
    0.15180E-02    0.41041E+04
    0.15487E-02    0.41777E+04
    0.15800E-02    0.42525E+04
    0.16119E-02    0.43284E+04
    0.16445E-02    0.44056E+04
    0.16777E-02    0.44839E+04
    0.17116E-02    0.45633E+04
    0.17462E-02    0.46440E+04
    0.17814E-02    0.47259E+04
    0.18174E-02    0.48090E+04
    0.18541E-02    0.48933E+04
    0.18916E-02    0.49789E+04
    0.19298E-02    0.50657E+04
    0.19688E-02    0.51537E+04
    0.20086E-02    0.52430E+04
    0.20491E-02    0.53335E+04
    0.20905E-02    0.54253E+04
    0.21328E-02    0.55184E+04
    0.21758E-02    0.56127E+04
    0.22198E-02    0.57083E+04
    0.22646E-02    0.58052E+04
    0.23104E-02    0.59033E+04
    0.23571E-02    0.60028E+04
    0.24047E-02    0.61035E+04
    0.24533E-02    0.62055E+04
    0.25028E-02    0.63087E+04
    0.25534E-02    0.64133E+04
    0.26050E-02    0.65191E+04
    0.26576E-02    0.66262E+04
    0.27113E-02    0.67345E+04
    0.27660E-02    0.68442E+04
    0.28219E-02    0.69551E+04
    0.28789E-02    0.70672E+04
    0.29371E-02    0.71806E+04
    0.29964E-02    0.72952E+04
    0.30569E-02    0.74110E+04
    0.31187E-02    0.75280E+04
    0.31817E-02    0.76461E+04
    0.32460E-02    0.77654E+04
    0.33115E-02    0.78859E+04
    0.33784E-02    0.80075E+04
    0.34467E-02    0.81302E+04
    0.35163E-02    0.82540E+04
    0.35874E-02    0.83789E+04
    0.36598E-02    0.85049E+04
    0.37338E-02    0.86320E+04
    0.38092E-02    0.87602E+04
    0.38861E-02    0.88894E+04
    0.39646E-02    0.90196E+04
    0.40447E-02    0.91510E+04
    0.41264E-02    0.92833E+04
    0.42098E-02    0.94165E+04
    0.42948E-02    0.95506E+04
    0.43816E-02    0.96853E+04
    0.44701E-02    0.98207E+04
    0.45604E-02    0.99566E+04
    0.46525E-02    0.10093E+05
    0.47465E-02    0.10229E+05
    0.48424E-02    0.10366E+05
    0.49402E-02    0.10503E+05
    0.50400E-02    0.10640E+05
    0.51419E-02    0.10776E+05
    0.52457E-02    0.10913E+05
    0.53517E-02    0.11050E+05
    0.54598E-02    0.11186E+05
    0.55701E-02    0.11323E+05
    0.56826E-02    0.11460E+05
    0.57974E-02    0.11597E+05
    0.59145E-02    0.11734E+05
    0.60340E-02    0.11871E+05
    0.61559E-02    0.12009E+05
    0.62803E-02    0.12147E+05
    0.64072E-02    0.12284E+05
    0.65366E-02    0.12422E+05
    0.66686E-02    0.12559E+05
    0.68033E-02    0.12695E+05
    0.69408E-02    0.12831E+05
    0.70810E-02    0.12966E+05
    0.72240E-02    0.13101E+05
    0.73700E-02    0.13234E+05
    0.75189E-02    0.13366E+05
    0.76708E-02    0.13496E+05
    0.78257E-02    0.13625E+05
    0.79838E-02    0.13753E+05
    0.81451E-02    0.13878E+05
    0.83096E-02    0.14002E+05
    0.84775E-02    0.14124E+05
    0.86488E-02    0.14243E+05
    0.88235E-02    0.14361E+05
    0.90017E-02    0.14475E+05
    0.91836E-02    0.14588E+05
    0.93691E-02    0.14697E+05
    0.95583E-02    0.14804E+05
    0.97514E-02    0.14908E+05
    0.99484E-02    0.15009E+05
    0.10149E-01    0.15106E+05
    0.10354E-01    0.15201E+05
    0.10564E-01    0.15292E+05
    0.10777E-01    0.15379E+05
    0.10995E-01    0.15463E+05
    0.11217E-01    0.15543E+05
    0.11443E-01    0.15619E+05
    0.11675E-01    0.15691E+05
    0.11910E-01    0.15759E+05
    0.12151E-01    0.15822E+05
    0.12397E-01    0.15880E+05
    0.12647E-01    0.15933E+05
    0.12902E-01    0.15981E+05
    0.13163E-01    0.16024E+05
    0.13429E-01    0.16060E+05
    0.13700E-01    0.16091E+05
    0.13977E-01    0.16116E+05
    0.14259E-01    0.16135E+05
    0.14547E-01    0.16147E+05
    0.14841E-01    0.16153E+05
    0.15141E-01    0.16152E+05
    0.15447E-01    0.16145E+05
    0.15759E-01    0.16131E+05
    0.16077E-01    0.16110E+05
    0.16402E-01    0.16082E+05
    0.16734E-01    0.16047E+05
    0.17072E-01    0.16005E+05
    0.17416E-01    0.15955E+05
    0.17768E-01    0.15898E+05
    0.18127E-01    0.15834E+05
    0.18493E-01    0.15762E+05
    0.18867E-01    0.15682E+05
    0.19248E-01    0.15595E+05
    0.19637E-01    0.15500E+05
    0.20034E-01    0.15398E+05
    0.20438E-01    0.15287E+05
    0.20851E-01    0.15170E+05
    0.21272E-01    0.15044E+05
    0.21702E-01    0.14912E+05
    0.22141E-01    0.14772E+05
    0.22588E-01    0.14624E+05
    0.23044E-01    0.14470E+05
    0.23510E-01    0.14309E+05
    0.23985E-01    0.14140E+05
    0.24469E-01    0.13965E+05
    0.24964E-01    0.13784E+05
    0.25468E-01    0.13597E+05
    0.25982E-01    0.13404E+05
    0.26507E-01    0.13207E+05
    0.27043E-01    0.13005E+05
    0.27589E-01    0.12798E+05
    0.28146E-01    0.12588E+05
    0.28715E-01    0.12375E+05
    0.29295E-01    0.12159E+05
    0.29887E-01    0.11941E+05
    0.30490E-01    0.11721E+05
    0.31106E-01    0.11499E+05
    0.31735E-01    0.11277E+05
    0.32376E-01    0.11055E+05
    0.33030E-01    0.10834E+05
    0.33697E-01    0.10614E+05
    0.34378E-01    0.10396E+05
    0.35072E-01    0.10180E+05
    0.35781E-01    0.99665E+04
    0.36504E-01    0.97563E+04
    0.37241E-01    0.95497E+04
    0.37993E-01    0.93473E+04
    0.38761E-01    0.91496E+04
    0.39544E-01    0.89573E+04
    0.40343E-01    0.87707E+04
    0.41158E-01    0.85902E+04
    0.41989E-01    0.84163E+04
    0.42838E-01    0.82493E+04
    0.43703E-01    0.80894E+04
    0.44586E-01    0.79370E+04
    0.45486E-01    0.77920E+04
    0.46405E-01    0.76541E+04
    0.47343E-01    0.75228E+04
    0.48299E-01    0.73979E+04
    0.49275E-01    0.72790E+04
    0.50270E-01    0.71658E+04
    0.51286E-01    0.70581E+04
    0.52322E-01    0.69554E+04
    0.53379E-01    0.68577E+04
    0.54457E-01    0.67646E+04
    0.55557E-01    0.66755E+04
    0.56680E-01    0.65888E+04
    0.57825E-01    0.65034E+04
    0.58993E-01    0.64179E+04
    0.60184E-01    0.63311E+04
    0.61400E-01    0.62418E+04
    0.62641E-01    0.61492E+04
    0.63906E-01    0.60520E+04
    0.65197E-01    0.59495E+04
    0.66514E-01    0.58408E+04
    0.67858E-01    0.57256E+04
    0.69229E-01    0.56038E+04
    0.70627E-01    0.54758E+04
    0.72054E-01    0.53417E+04
    0.73510E-01    0.52017E+04
    0.74994E-01    0.50562E+04
    0.76509E-01    0.49056E+04
    0.78055E-01    0.47502E+04
    0.79632E-01    0.45906E+04
    0.81241E-01    0.44272E+04
    0.82882E-01    0.42617E+04
    0.84556E-01    0.40973E+04
    0.86264E-01    0.39366E+04
    0.88007E-01    0.37820E+04
    0.89785E-01    0.36355E+04
    0.91598E-01    0.34987E+04
    0.93449E-01    0.33729E+04
    0.95337E-01    0.32594E+04
    0.97263E-01    0.31590E+04
    0.99227E-01    0.30727E+04
    0.10123E+00    0.29994E+04
    0.10328E+00    0.29364E+04
    0.10536E+00    0.28808E+04
    0.10749E+00    0.28303E+04
    0.10966E+00    0.27824E+04
    0.11188E+00    0.27351E+04
    0.11414E+00    0.26863E+04
    0.11644E+00    0.26342E+04
    0.11880E+00    0.25770E+04
    0.12120E+00    0.25134E+04
    0.12365E+00    0.24433E+04
    0.12614E+00    0.23687E+04
    0.12869E+00    0.22913E+04
    0.13129E+00    0.22128E+04
    0.13394E+00    0.21346E+04
    0.13665E+00    0.20582E+04
    0.13941E+00    0.19846E+04
    0.14223E+00    0.19148E+04
    0.14510E+00    0.18496E+04
    0.14803E+00    0.17897E+04
    0.15102E+00    0.17349E+04
    0.15407E+00    0.16844E+04
    0.15718E+00    0.16373E+04
    0.16036E+00    0.15926E+04
    0.16360E+00    0.15498E+04
    0.16690E+00    0.15082E+04
    0.17028E+00    0.14671E+04
    0.17371E+00    0.14261E+04
    0.17722E+00    0.13846E+04
    0.18080E+00    0.13423E+04
    0.18446E+00    0.12992E+04
    0.18818E+00    0.12558E+04
    0.19198E+00    0.12127E+04
    0.19586E+00    0.11704E+04
    0.19982E+00    0.11291E+04
    0.20386E+00    0.10893E+04
    0.20797E+00    0.10512E+04
    0.21218E+00    0.10151E+04
    0.21646E+00    0.98118E+03
    0.22083E+00    0.94962E+03
    0.22530E+00    0.92034E+03
    0.22985E+00    0.89302E+03
    0.23449E+00    0.86737E+03
    0.23923E+00    0.84311E+03
    0.24406E+00    0.81998E+03
    0.24899E+00    0.79777E+03
    0.25402E+00    0.77628E+03
    0.25915E+00    0.75531E+03
    0.26439E+00    0.73471E+03
    0.26973E+00    0.71432E+03
    0.27518E+00    0.69411E+03
    0.28074E+00    0.67413E+03
    0.28641E+00    0.65447E+03
    0.29219E+00    0.63518E+03
    0.29810E+00    0.61631E+03
    0.30412E+00    0.59792E+03
    0.31026E+00    0.58004E+03
    0.31653E+00    0.56271E+03
    0.32292E+00    0.54597E+03
    0.32945E+00    0.52982E+03
    0.33610E+00    0.51428E+03
    0.34289E+00    0.49932E+03
    0.34982E+00    0.48491E+03
    0.35689E+00    0.47103E+03
    0.36409E+00    0.45765E+03
    0.37145E+00    0.44475E+03
    0.37895E+00    0.43232E+03
    0.38661E+00    0.42032E+03
    0.39442E+00    0.40875E+03
    0.40239E+00    0.39757E+03
    0.41052E+00    0.38679E+03
    0.41881E+00    0.37637E+03
    0.42727E+00    0.36631E+03
    0.43590E+00    0.35658E+03
    0.44471E+00    0.34718E+03
    0.45369E+00    0.33809E+03
    0.46286E+00    0.32930E+03
    0.47221E+00    0.32079E+03
    0.48174E+00    0.31256E+03
    0.49148E+00    0.30458E+03
    0.50141E+00    0.29686E+03
    0.51153E+00    0.28939E+03
    0.52187E+00    0.28214E+03
    0.53241E+00    0.27513E+03
    0.54317E+00    0.26833E+03
    0.55414E+00    0.26175E+03
    0.56533E+00    0.25536E+03
    0.57675E+00    0.24918E+03
    0.58840E+00    0.24318E+03
    0.60029E+00    0.23737E+03
    0.61242E+00    0.23173E+03
    0.62479E+00    0.22626E+03
    0.63741E+00    0.22095E+03
    0.65029E+00    0.21580E+03
    0.66342E+00    0.21080E+03
    0.67683E+00    0.20594E+03
    0.69050E+00    0.20122E+03
    0.70445E+00    0.19662E+03
    0.71868E+00    0.19216E+03
    0.73320E+00    0.18781E+03
    0.74801E+00    0.18358E+03
    0.76312E+00    0.17947E+03
    0.77854E+00    0.17546E+03
    0.79426E+00    0.17155E+03
    0.81031E+00    0.16774E+03
    0.82668E+00    0.16403E+03
    0.84338E+00    0.16041E+03
    0.86041E+00    0.15687E+03
    0.87780E+00    0.15342E+03
    0.89553E+00    0.15006E+03
    0.91362E+00    0.14677E+03
    0.93208E+00    0.14355E+03
    0.95091E+00    0.14041E+03
    0.97011E+00    0.13733E+03
    0.98971E+00    0.13432E+03
    0.10097E+01    0.13138E+03
    0.10301E+01    0.12850E+03
    0.10509E+01    0.12568E+03
    0.10721E+01    0.12291E+03
    0.10938E+01    0.12021E+03
    0.11159E+01    0.11755E+03
    0.11384E+01    0.11495E+03
    0.11614E+01    0.11239E+03
    0.11849E+01    0.10989E+03
    0.12088E+01    0.10743E+03
    0.12333E+01    0.10502E+03
    0.12582E+01    0.10265E+03
    0.12836E+01    0.10032E+03
    0.13095E+01    0.98030E+02
    0.13360E+01    0.95783E+02
    0.13630E+01    0.93574E+02
    0.13905E+01    0.91402E+02
    0.14186E+01    0.89269E+02
    0.14472E+01    0.87171E+02
    0.14765E+01    0.85110E+02
    0.15063E+01    0.83084E+02
    0.15367E+01    0.81093E+02
    0.15678E+01    0.79137E+02
    0.15994E+01    0.77214E+02
    0.16318E+01    0.75324E+02
    0.16647E+01    0.73467E+02
    0.16984E+01    0.71641E+02
    0.17327E+01    0.69845E+02
    0.17677E+01    0.68077E+02
    0.18034E+01    0.66338E+02
    0.18398E+01    0.64626E+02
    0.18770E+01    0.62939E+02
    0.19149E+01    0.61278E+02
    0.19536E+01    0.59641E+02
    0.19930E+01    0.58029E+02
    0.20333E+01    0.56441E+02
    0.20744E+01    0.54881E+02
    0.21163E+01    0.53349E+02
    0.21590E+01    0.51848E+02
    0.22026E+01    0.50380E+02
    0.22471E+01    0.48945E+02
    0.22925E+01    0.47545E+02
    0.23388E+01    0.46181E+02
    0.23861E+01    0.44854E+02
