    0.10000E-03    0.56947E+03
    0.10202E-03    0.58050E+03
    0.10408E-03    0.59175E+03
    0.10618E-03    0.60321E+03
    0.10833E-03    0.61490E+03
    0.11052E-03    0.62681E+03
    0.11275E-03    0.63895E+03
    0.11503E-03    0.65133E+03
    0.11735E-03    0.66395E+03
    0.11972E-03    0.67681E+03
    0.12214E-03    0.68992E+03
    0.12461E-03    0.70328E+03
    0.12712E-03    0.71690E+03
    0.12969E-03    0.73079E+03
    0.13231E-03    0.74494E+03
    0.13499E-03    0.75936E+03
    0.13771E-03    0.77407E+03
    0.14049E-03    0.78906E+03
    0.14333E-03    0.80434E+03
    0.14623E-03    0.81991E+03
    0.14918E-03    0.83578E+03
    0.15220E-03    0.85196E+03
    0.15527E-03    0.86846E+03
    0.15841E-03    0.88527E+03
    0.16161E-03    0.90240E+03
    0.16487E-03    0.91987E+03
    0.16820E-03    0.93767E+03
    0.17160E-03    0.95582E+03
    0.17507E-03    0.97432E+03
    0.17860E-03    0.99317E+03
    0.18221E-03    0.10124E+04
    0.18589E-03    0.10320E+04
    0.18965E-03    0.10519E+04
    0.19348E-03    0.10723E+04
    0.19739E-03    0.10930E+04
    0.20138E-03    0.11142E+04
    0.20544E-03    0.11357E+04
    0.20959E-03    0.11577E+04
    0.21383E-03    0.11801E+04
    0.21815E-03    0.12029E+04
    0.22255E-03    0.12261E+04
    0.22705E-03    0.12498E+04
    0.23164E-03    0.12740E+04
    0.23632E-03    0.12986E+04
    0.24109E-03    0.13237E+04
    0.24596E-03    0.13493E+04
    0.25093E-03    0.13754E+04
    0.25600E-03    0.14019E+04
    0.26117E-03    0.14290E+04
    0.26645E-03    0.14566E+04
    0.27183E-03    0.14847E+04
    0.27732E-03    0.15134E+04
    0.28292E-03    0.15426E+04
    0.28864E-03    0.15723E+04
    0.29447E-03    0.16027E+04
    0.30042E-03    0.16336E+04
    0.30649E-03    0.16651E+04
    0.31268E-03    0.16972E+04
    0.31899E-03    0.17299E+04
    0.32544E-03    0.17633E+04
    0.33201E-03    0.17972E+04
    0.33872E-03    0.18319E+04
    0.34556E-03    0.18672E+04
    0.35254E-03    0.19031E+04
    0.35966E-03    0.19398E+04
    0.36693E-03    0.19771E+04
    0.37434E-03    0.20151E+04
    0.38190E-03    0.20539E+04
    0.38962E-03    0.20934E+04
    0.39749E-03    0.21336E+04
    0.40552E-03    0.21746E+04
    0.41371E-03    0.22164E+04
    0.42207E-03    0.22590E+04
    0.43060E-03    0.23023E+04
    0.43929E-03    0.23465E+04
    0.44817E-03    0.23916E+04
    0.45722E-03    0.24374E+04
    0.46646E-03    0.24841E+04
    0.47588E-03    0.25317E+04
    0.48550E-03    0.25802E+04
    0.49530E-03    0.26296E+04
    0.50531E-03    0.26800E+04
    0.51552E-03    0.27312E+04
    0.52593E-03    0.27834E+04
    0.53656E-03    0.28366E+04
    0.54739E-03    0.28908E+04
    0.55845E-03    0.29460E+04
    0.56973E-03    0.30022E+04
    0.58124E-03    0.30594E+04
    0.59299E-03    0.31177E+04
    0.60496E-03    0.31771E+04
    0.61719E-03    0.32376E+04
    0.62965E-03    0.32992E+04
    0.64237E-03    0.33619E+04
    0.65535E-03    0.34258E+04
    0.66859E-03    0.34908E+04
    0.68210E-03    0.35570E+04
    0.69588E-03    0.36244E+04
    0.70993E-03    0.36931E+04
    0.72427E-03    0.37630E+04
    0.73891E-03    0.38342E+04
    0.75383E-03    0.39066E+04
    0.76906E-03    0.39804E+04
    0.78460E-03    0.40555E+04
    0.80045E-03    0.41319E+04
    0.81662E-03    0.42097E+04
    0.83311E-03    0.42889E+04
    0.84994E-03    0.43695E+04
    0.86711E-03    0.44515E+04
    0.88463E-03    0.45350E+04
    0.90250E-03    0.46200E+04
    0.92073E-03    0.47064E+04
    0.93933E-03    0.47944E+04
    0.95831E-03    0.48839E+04
    0.97767E-03    0.49750E+04
    0.99742E-03    0.50677E+04
    0.10176E-02    0.51620E+04
    0.10381E-02    0.52579E+04
    0.10591E-02    0.53554E+04
    0.10805E-02    0.54547E+04
    0.11023E-02    0.55556E+04
    0.11246E-02    0.56582E+04
    0.11473E-02    0.57626E+04
    0.11705E-02    0.58688E+04
    0.11941E-02    0.59767E+04
    0.12182E-02    0.60865E+04
    0.12429E-02    0.61981E+04
    0.12680E-02    0.63115E+04
    0.12936E-02    0.64268E+04
    0.13197E-02    0.65440E+04
    0.13464E-02    0.66631E+04
    0.13736E-02    0.67842E+04
    0.14013E-02    0.69072E+04
    0.14296E-02    0.70322E+04
    0.14585E-02    0.71592E+04
    0.14880E-02    0.72882E+04
    0.15180E-02    0.74192E+04
    0.15487E-02    0.75523E+04
    0.15800E-02    0.76875E+04
    0.16119E-02    0.78248E+04
    0.16445E-02    0.79642E+04
    0.16777E-02    0.81057E+04
    0.17116E-02    0.82493E+04
    0.17462E-02    0.83952E+04
    0.17814E-02    0.85432E+04
    0.18174E-02    0.86934E+04
    0.18541E-02    0.88458E+04
    0.18916E-02    0.90005E+04
    0.19298E-02    0.91573E+04
    0.19688E-02    0.93165E+04
    0.20086E-02    0.94778E+04
    0.20491E-02    0.96415E+04
    0.20905E-02    0.98074E+04
    0.21328E-02    0.99756E+04
    0.21758E-02    0.10146E+05
    0.22198E-02    0.10319E+05
    0.22646E-02    0.10494E+05
    0.23104E-02    0.10671E+05
    0.23571E-02    0.10851E+05
    0.24047E-02    0.11033E+05
    0.24533E-02    0.11217E+05
    0.25028E-02    0.11404E+05
    0.25534E-02    0.11593E+05
    0.26050E-02    0.11784E+05
    0.26576E-02    0.11978E+05
    0.27113E-02    0.12174E+05
    0.27660E-02    0.12372E+05
    0.28219E-02    0.12572E+05
    0.28789E-02    0.12775E+05
    0.29371E-02    0.12980E+05
    0.29964E-02    0.13187E+05
    0.30569E-02    0.13396E+05
    0.31187E-02    0.13608E+05
    0.31817E-02    0.13821E+05
    0.32460E-02    0.14037E+05
    0.33115E-02    0.14255E+05
    0.33784E-02    0.14474E+05
    0.34467E-02    0.14696E+05
    0.35163E-02    0.14919E+05
    0.35874E-02    0.15145E+05
    0.36598E-02    0.15373E+05
    0.37338E-02    0.15602E+05
    0.38092E-02    0.15834E+05
    0.38861E-02    0.16068E+05
    0.39646E-02    0.16303E+05
    0.40447E-02    0.16541E+05
    0.41264E-02    0.16781E+05
    0.42098E-02    0.17022E+05
    0.42948E-02    0.17265E+05
    0.43816E-02    0.17509E+05
    0.44701E-02    0.17754E+05
    0.45604E-02    0.18000E+05
    0.46525E-02    0.18246E+05
    0.47465E-02    0.18492E+05
    0.48424E-02    0.18738E+05
    0.49402E-02    0.18983E+05
    0.50400E-02    0.19228E+05
    0.51419E-02    0.19472E+05
    0.52457E-02    0.19715E+05
    0.53517E-02    0.19959E+05
    0.54598E-02    0.20202E+05
    0.55701E-02    0.20445E+05
    0.56826E-02    0.20689E+05
    0.57974E-02    0.20932E+05
    0.59145E-02    0.21177E+05
    0.60340E-02    0.21422E+05
    0.61559E-02    0.21668E+05
    0.62803E-02    0.21915E+05
    0.64072E-02    0.22162E+05
    0.65366E-02    0.22409E+05
    0.66686E-02    0.22656E+05
    0.68033E-02    0.22902E+05
    0.69408E-02    0.23147E+05
    0.70810E-02    0.23390E+05
    0.72240E-02    0.23632E+05
    0.73700E-02    0.23872E+05
    0.75189E-02    0.24109E+05
    0.76708E-02    0.24344E+05
    0.78257E-02    0.24575E+05
    0.79838E-02    0.24804E+05
    0.81451E-02    0.25029E+05
    0.83096E-02    0.25251E+05
    0.84775E-02    0.25469E+05
    0.86488E-02    0.25683E+05
    0.88235E-02    0.25892E+05
    0.90017E-02    0.26098E+05
    0.91836E-02    0.26298E+05
    0.93691E-02    0.26494E+05
    0.95583E-02    0.26685E+05
    0.97514E-02    0.26870E+05
    0.99484E-02    0.27050E+05
    0.10149E-01    0.27224E+05
    0.10354E-01    0.27392E+05
    0.10564E-01    0.27554E+05
    0.10777E-01    0.27710E+05
    0.10995E-01    0.27859E+05
    0.11217E-01    0.28002E+05
    0.11443E-01    0.28137E+05
    0.11675E-01    0.28264E+05
    0.11910E-01    0.28384E+05
    0.12151E-01    0.28495E+05
    0.12397E-01    0.28597E+05
    0.12647E-01    0.28690E+05
    0.12902E-01    0.28774E+05
    0.13163E-01    0.28847E+05
    0.13429E-01    0.28910E+05
    0.13700E-01    0.28963E+05
    0.13977E-01    0.29005E+05
    0.14259E-01    0.29035E+05
    0.14547E-01    0.29054E+05
    0.14841E-01    0.29062E+05
    0.15141E-01    0.29057E+05
    0.15447E-01    0.29041E+05
    0.15759E-01    0.29012E+05
    0.16077E-01    0.28971E+05
    0.16402E-01    0.28917E+05
    0.16734E-01    0.28850E+05
    0.17072E-01    0.28770E+05
    0.17416E-01    0.28677E+05
    0.17768E-01    0.28571E+05
    0.18127E-01    0.28451E+05
    0.18493E-01    0.28317E+05
    0.18867E-01    0.28170E+05
    0.19248E-01    0.28009E+05
    0.19637E-01    0.27834E+05
    0.20034E-01    0.27646E+05
    0.20438E-01    0.27443E+05
    0.20851E-01    0.27228E+05
    0.21272E-01    0.26998E+05
    0.21702E-01    0.26755E+05
    0.22141E-01    0.26499E+05
    0.22588E-01    0.26230E+05
    0.23044E-01    0.25949E+05
    0.23510E-01    0.25654E+05
    0.23985E-01    0.25348E+05
    0.24469E-01    0.25030E+05
    0.24964E-01    0.24700E+05
    0.25468E-01    0.24360E+05
    0.25982E-01    0.24011E+05
    0.26507E-01    0.23652E+05
    0.27043E-01    0.23286E+05
    0.27589E-01    0.22912E+05
    0.28146E-01    0.22532E+05
    0.28715E-01    0.22146E+05
    0.29295E-01    0.21755E+05
    0.29887E-01    0.21360E+05
    0.30490E-01    0.20962E+05
    0.31106E-01    0.20562E+05
    0.31735E-01    0.20161E+05
    0.32376E-01    0.19761E+05
    0.33030E-01    0.19362E+05
    0.33697E-01    0.18965E+05
    0.34378E-01    0.18572E+05
    0.35072E-01    0.18183E+05
    0.35781E-01    0.17799E+05
    0.36504E-01    0.17421E+05
    0.37241E-01    0.17049E+05
    0.37993E-01    0.16685E+05
    0.38761E-01    0.16330E+05
    0.39544E-01    0.15984E+05
    0.40343E-01    0.15648E+05
    0.41158E-01    0.15324E+05
    0.41989E-01    0.15011E+05
    0.42838E-01    0.14710E+05
    0.43703E-01    0.14423E+05
    0.44586E-01    0.14148E+05
    0.45486E-01    0.13887E+05
    0.46405E-01    0.13638E+05
    0.47343E-01    0.13401E+05
    0.48299E-01    0.13175E+05
    0.49275E-01    0.12959E+05
    0.50270E-01    0.12754E+05
    0.51286E-01    0.12558E+05
    0.52322E-01    0.12371E+05
    0.53379E-01    0.12192E+05
    0.54457E-01    0.12022E+05
    0.55557E-01    0.11858E+05
    0.56680E-01    0.11698E+05
    0.57825E-01    0.11540E+05
    0.58993E-01    0.11383E+05
    0.60184E-01    0.11223E+05
    0.61400E-01    0.11058E+05
    0.62641E-01    0.10888E+05
    0.63906E-01    0.10710E+05
    0.65197E-01    0.10523E+05
    0.66514E-01    0.10325E+05
    0.67858E-01    0.10117E+05
    0.69229E-01    0.98971E+04
    0.70627E-01    0.96673E+04
    0.72054E-01    0.94279E+04
    0.73510E-01    0.91795E+04
    0.74994E-01    0.89227E+04
    0.76509E-01    0.86584E+04
    0.78055E-01    0.83872E+04
    0.79632E-01    0.81100E+04
    0.81241E-01    0.78278E+04
    0.82882E-01    0.75433E+04
    0.84556E-01    0.72611E+04
    0.86264E-01    0.69856E+04
    0.88007E-01    0.67204E+04
    0.89785E-01    0.64686E+04
    0.91598E-01    0.62328E+04
    0.93449E-01    0.60153E+04
    0.95337E-01    0.58177E+04
    0.97263E-01    0.56416E+04
    0.99227E-01    0.54884E+04
    0.10123E+00    0.53566E+04
    0.10328E+00    0.52416E+04
    0.10536E+00    0.51391E+04
    0.10749E+00    0.50452E+04
    0.10966E+00    0.49561E+04
    0.11188E+00    0.48684E+04
    0.11414E+00    0.47791E+04
    0.11644E+00    0.46851E+04
    0.11880E+00    0.45838E+04
    0.12120E+00    0.44728E+04
    0.12365E+00    0.43522E+04
    0.12614E+00    0.42247E+04
    0.12869E+00    0.40933E+04
    0.13129E+00    0.39602E+04
    0.13394E+00    0.38280E+04
    0.13665E+00    0.36985E+04
    0.13941E+00    0.35735E+04
    0.14223E+00    0.34545E+04
    0.14510E+00    0.33428E+04
    0.14803E+00    0.32395E+04
    0.15102E+00    0.31446E+04
    0.15407E+00    0.30565E+04
    0.15718E+00    0.29740E+04
    0.16036E+00    0.28960E+04
    0.16360E+00    0.28212E+04
    0.16690E+00    0.27488E+04
    0.17028E+00    0.26779E+04
    0.17371E+00    0.26076E+04
    0.17722E+00    0.25372E+04
    0.18080E+00    0.24662E+04
    0.18446E+00    0.23944E+04
    0.18818E+00    0.23226E+04
    0.19198E+00    0.22515E+04
    0.19586E+00    0.21817E+04
    0.19982E+00    0.21137E+04
    0.20386E+00    0.20479E+04
    0.20797E+00    0.19849E+04
    0.21218E+00    0.19248E+04
    0.21646E+00    0.18680E+04
    0.22083E+00    0.18148E+04
    0.22530E+00    0.17651E+04
    0.22985E+00    0.17184E+04
    0.23449E+00    0.16744E+04
    0.23923E+00    0.16326E+04
    0.24406E+00    0.15927E+04
    0.24899E+00    0.15543E+04
    0.25402E+00    0.15173E+04
    0.25915E+00    0.14812E+04
    0.26439E+00    0.14459E+04
    0.26973E+00    0.14112E+04
    0.27518E+00    0.13769E+04
    0.28074E+00    0.13432E+04
    0.28641E+00    0.13101E+04
    0.29219E+00    0.12777E+04
    0.29810E+00    0.12460E+04
    0.30412E+00    0.12152E+04
    0.31026E+00    0.11853E+04
    0.31653E+00    0.11562E+04
    0.32292E+00    0.11281E+04
    0.32945E+00    0.11010E+04
    0.33610E+00    0.10749E+04
    0.34289E+00    0.10497E+04
    0.34982E+00    0.10254E+04
    0.35689E+00    0.10019E+04
    0.36409E+00    0.97927E+03
    0.37145E+00    0.95734E+03
    0.37895E+00    0.93613E+03
    0.38661E+00    0.91560E+03
    0.39442E+00    0.89571E+03
    0.40239E+00    0.87643E+03
    0.41052E+00    0.85774E+03
    0.41881E+00    0.83960E+03
    0.42727E+00    0.82200E+03
    0.43590E+00    0.80490E+03
    0.44471E+00    0.78830E+03
    0.45369E+00    0.77216E+03
    0.46286E+00    0.75647E+03
    0.47221E+00    0.74121E+03
    0.48174E+00    0.72636E+03
    0.49148E+00    0.71191E+03
    0.50141E+00    0.69783E+03
    0.51153E+00    0.68412E+03
    0.52187E+00    0.67075E+03
    0.53241E+00    0.65771E+03
    0.54317E+00    0.64500E+03
    0.55414E+00    0.63259E+03
    0.56533E+00    0.62047E+03
    0.57675E+00    0.60864E+03
    0.58840E+00    0.59707E+03
    0.60029E+00    0.58577E+03
    0.61242E+00    0.57471E+03
    0.62479E+00    0.56389E+03
    0.63741E+00    0.55330E+03
    0.65029E+00    0.54293E+03
    0.66342E+00    0.53276E+03
    0.67683E+00    0.52280E+03
    0.69050E+00    0.51303E+03
    0.70445E+00    0.50344E+03
    0.71868E+00    0.49403E+03
    0.73320E+00    0.48478E+03
    0.74801E+00    0.47570E+03
    0.76312E+00    0.46678E+03
    0.77854E+00    0.45800E+03
    0.79426E+00    0.44937E+03
    0.81031E+00    0.44088E+03
    0.82668E+00    0.43252E+03
    0.84338E+00    0.42429E+03
    0.86041E+00    0.41619E+03
    0.87780E+00    0.40821E+03
    0.89553E+00    0.40034E+03
    0.91362E+00    0.39259E+03
    0.93208E+00    0.38494E+03
    0.95091E+00    0.37740E+03
    0.97011E+00    0.36996E+03
    0.98971E+00    0.36263E+03
    0.10097E+01    0.35539E+03
    0.10301E+01    0.34825E+03
    0.10509E+01    0.34120E+03
    0.10721E+01    0.33424E+03
    0.10938E+01    0.32737E+03
    0.11159E+01    0.32059E+03
    0.11384E+01    0.31389E+03
    0.11614E+01    0.30728E+03
    0.11849E+01    0.30075E+03
    0.12088E+01    0.29430E+03
    0.12333E+01    0.28793E+03
    0.12582E+01    0.28164E+03
    0.12836E+01    0.27542E+03
    0.13095E+01    0.26929E+03
    0.13360E+01    0.26322E+03
    0.13630E+01    0.25724E+03
    0.13905E+01    0.25133E+03
    0.14186E+01    0.24550E+03
    0.14472E+01    0.23974E+03
    0.14765E+01    0.23407E+03
    0.15063E+01    0.22847E+03
    0.15367E+01    0.22295E+03
    0.15678E+01    0.21751E+03
    0.15994E+01    0.21214E+03
    0.16318E+01    0.20686E+03
    0.16647E+01    0.20166E+03
    0.16984E+01    0.19653E+03
    0.17327E+01    0.19148E+03
    0.17677E+01    0.18651E+03
    0.18034E+01    0.18160E+03
    0.18398E+01    0.17677E+03
    0.18770E+01    0.17200E+03
    0.19149E+01    0.16731E+03
    0.19536E+01    0.16268E+03
    0.19930E+01    0.15812E+03
    0.20333E+01    0.15364E+03
    0.20744E+01    0.14923E+03
    0.21163E+01    0.14490E+03
    0.21590E+01    0.14066E+03
    0.22026E+01    0.13652E+03
    0.22471E+01    0.13247E+03
    0.22925E+01    0.12853E+03
    0.23388E+01    0.12469E+03
    0.23861E+01    0.12096E+03
