    0.10000E-03    0.26135E+03
    0.10202E-03    0.26641E+03
    0.10408E-03    0.27157E+03
    0.10618E-03    0.27683E+03
    0.10833E-03    0.28220E+03
    0.11052E-03    0.28766E+03
    0.11275E-03    0.29324E+03
    0.11503E-03    0.29892E+03
    0.11735E-03    0.30471E+03
    0.11972E-03    0.31061E+03
    0.12214E-03    0.31663E+03
    0.12461E-03    0.32276E+03
    0.12712E-03    0.32901E+03
    0.12969E-03    0.33538E+03
    0.13231E-03    0.34188E+03
    0.13499E-03    0.34850E+03
    0.13771E-03    0.35525E+03
    0.14049E-03    0.36213E+03
    0.14333E-03    0.36914E+03
    0.14623E-03    0.37629E+03
    0.14918E-03    0.38357E+03
    0.15220E-03    0.39100E+03
    0.15527E-03    0.39857E+03
    0.15841E-03    0.40629E+03
    0.16161E-03    0.41415E+03
    0.16487E-03    0.42217E+03
    0.16820E-03    0.43034E+03
    0.17160E-03    0.43867E+03
    0.17507E-03    0.44716E+03
    0.17860E-03    0.45581E+03
    0.18221E-03    0.46464E+03
    0.18589E-03    0.47363E+03
    0.18965E-03    0.48279E+03
    0.19348E-03    0.49213E+03
    0.19739E-03    0.50165E+03
    0.20138E-03    0.51136E+03
    0.20544E-03    0.52125E+03
    0.20959E-03    0.53133E+03
    0.21383E-03    0.54160E+03
    0.21815E-03    0.55208E+03
    0.22255E-03    0.56275E+03
    0.22705E-03    0.57363E+03
    0.23164E-03    0.58472E+03
    0.23632E-03    0.59602E+03
    0.24109E-03    0.60754E+03
    0.24596E-03    0.61928E+03
    0.25093E-03    0.63125E+03
    0.25600E-03    0.64345E+03
    0.26117E-03    0.65588E+03
    0.26645E-03    0.66854E+03
    0.27183E-03    0.68145E+03
    0.27732E-03    0.69461E+03
    0.28292E-03    0.70802E+03
    0.28864E-03    0.72169E+03
    0.29447E-03    0.73562E+03
    0.30042E-03    0.74981E+03
    0.30649E-03    0.76428E+03
    0.31268E-03    0.77902E+03
    0.31899E-03    0.79404E+03
    0.32544E-03    0.80935E+03
    0.33201E-03    0.82495E+03
    0.33872E-03    0.84085E+03
    0.34556E-03    0.85705E+03
    0.35254E-03    0.87356E+03
    0.35966E-03    0.89039E+03
    0.36693E-03    0.90753E+03
    0.37434E-03    0.92500E+03
    0.38190E-03    0.94280E+03
    0.38962E-03    0.96094E+03
    0.39749E-03    0.97942E+03
    0.40552E-03    0.99825E+03
    0.41371E-03    0.10174E+04
    0.42207E-03    0.10370E+04
    0.43060E-03    0.10569E+04
    0.43929E-03    0.10772E+04
    0.44817E-03    0.10979E+04
    0.45722E-03    0.11189E+04
    0.46646E-03    0.11404E+04
    0.47588E-03    0.11623E+04
    0.48550E-03    0.11845E+04
    0.49530E-03    0.12072E+04
    0.50531E-03    0.12303E+04
    0.51552E-03    0.12539E+04
    0.52593E-03    0.12779E+04
    0.53656E-03    0.13023E+04
    0.54739E-03    0.13272E+04
    0.55845E-03    0.13526E+04
    0.56973E-03    0.13784E+04
    0.58124E-03    0.14047E+04
    0.59299E-03    0.14315E+04
    0.60496E-03    0.14587E+04
    0.61719E-03    0.14865E+04
    0.62965E-03    0.15148E+04
    0.64237E-03    0.15436E+04
    0.65535E-03    0.15730E+04
    0.66859E-03    0.16028E+04
    0.68210E-03    0.16333E+04
    0.69588E-03    0.16642E+04
    0.70993E-03    0.16958E+04
    0.72427E-03    0.17279E+04
    0.73891E-03    0.17606E+04
    0.75383E-03    0.17939E+04
    0.76906E-03    0.18278E+04
    0.78460E-03    0.18623E+04
    0.80045E-03    0.18974E+04
    0.81662E-03    0.19331E+04
    0.83311E-03    0.19695E+04
    0.84994E-03    0.20065E+04
    0.86711E-03    0.20442E+04
    0.88463E-03    0.20826E+04
    0.90250E-03    0.21216E+04
    0.92073E-03    0.21613E+04
    0.93933E-03    0.22018E+04
    0.95831E-03    0.22429E+04
    0.97767E-03    0.22847E+04
    0.99742E-03    0.23273E+04
    0.10176E-02    0.23706E+04
    0.10381E-02    0.24147E+04
    0.10591E-02    0.24595E+04
    0.10805E-02    0.25051E+04
    0.11023E-02    0.25514E+04
    0.11246E-02    0.25986E+04
    0.11473E-02    0.26466E+04
    0.11705E-02    0.26953E+04
    0.11941E-02    0.27449E+04
    0.12182E-02    0.27953E+04
    0.12429E-02    0.28466E+04
    0.12680E-02    0.28987E+04
    0.12936E-02    0.29517E+04
    0.13197E-02    0.30055E+04
    0.13464E-02    0.30602E+04
    0.13736E-02    0.31158E+04
    0.14013E-02    0.31723E+04
    0.14296E-02    0.32298E+04
    0.14585E-02    0.32881E+04
    0.14880E-02    0.33473E+04
    0.15180E-02    0.34075E+04
    0.15487E-02    0.34687E+04
    0.15800E-02    0.35308E+04
    0.16119E-02    0.35939E+04
    0.16445E-02    0.36579E+04
    0.16777E-02    0.37229E+04
    0.17116E-02    0.37889E+04
    0.17462E-02    0.38559E+04
    0.17814E-02    0.39239E+04
    0.18174E-02    0.39929E+04
    0.18541E-02    0.40629E+04
    0.18916E-02    0.41339E+04
    0.19298E-02    0.42060E+04
    0.19688E-02    0.42791E+04
    0.20086E-02    0.43533E+04
    0.20491E-02    0.44284E+04
    0.20905E-02    0.45046E+04
    0.21328E-02    0.45819E+04
    0.21758E-02    0.46602E+04
    0.22198E-02    0.47396E+04
    0.22646E-02    0.48201E+04
    0.23104E-02    0.49016E+04
    0.23571E-02    0.49841E+04
    0.24047E-02    0.50677E+04
    0.24533E-02    0.51524E+04
    0.25028E-02    0.52382E+04
    0.25534E-02    0.53250E+04
    0.26050E-02    0.54128E+04
    0.26576E-02    0.55018E+04
    0.27113E-02    0.55917E+04
    0.27660E-02    0.56828E+04
    0.28219E-02    0.57748E+04
    0.28789E-02    0.58680E+04
    0.29371E-02    0.59621E+04
    0.29964E-02    0.60572E+04
    0.30569E-02    0.61534E+04
    0.31187E-02    0.62505E+04
    0.31817E-02    0.63487E+04
    0.32460E-02    0.64478E+04
    0.33115E-02    0.65478E+04
    0.33784E-02    0.66488E+04
    0.34467E-02    0.67507E+04
    0.35163E-02    0.68535E+04
    0.35874E-02    0.69572E+04
    0.36598E-02    0.70619E+04
    0.37338E-02    0.71674E+04
    0.38092E-02    0.72738E+04
    0.38861E-02    0.73811E+04
    0.39646E-02    0.74893E+04
    0.40447E-02    0.75983E+04
    0.41264E-02    0.77081E+04
    0.42098E-02    0.78187E+04
    0.42948E-02    0.79299E+04
    0.43816E-02    0.80418E+04
    0.44701E-02    0.81541E+04
    0.45604E-02    0.82670E+04
    0.46525E-02    0.83802E+04
    0.47465E-02    0.84936E+04
    0.48424E-02    0.86073E+04
    0.49402E-02    0.87210E+04
    0.50400E-02    0.88348E+04
    0.51419E-02    0.89486E+04
    0.52457E-02    0.90624E+04
    0.53517E-02    0.91763E+04
    0.54598E-02    0.92902E+04
    0.55701E-02    0.94042E+04
    0.56826E-02    0.95183E+04
    0.57974E-02    0.96325E+04
    0.59145E-02    0.97468E+04
    0.60340E-02    0.98612E+04
    0.61559E-02    0.99757E+04
    0.62803E-02    0.10090E+05
    0.64072E-02    0.10205E+05
    0.65366E-02    0.10319E+05
    0.66686E-02    0.10433E+05
    0.68033E-02    0.10546E+05
    0.69408E-02    0.10659E+05
    0.70810E-02    0.10772E+05
    0.72240E-02    0.10883E+05
    0.73700E-02    0.10994E+05
    0.75189E-02    0.11104E+05
    0.76708E-02    0.11212E+05
    0.78257E-02    0.11320E+05
    0.79838E-02    0.11426E+05
    0.81451E-02    0.11530E+05
    0.83096E-02    0.11633E+05
    0.84775E-02    0.11734E+05
    0.86488E-02    0.11834E+05
    0.88235E-02    0.11931E+05
    0.90017E-02    0.12027E+05
    0.91836E-02    0.12120E+05
    0.93691E-02    0.12212E+05
    0.95583E-02    0.12301E+05
    0.97514E-02    0.12387E+05
    0.99484E-02    0.12471E+05
    0.10149E-01    0.12552E+05
    0.10354E-01    0.12631E+05
    0.10564E-01    0.12707E+05
    0.10777E-01    0.12780E+05
    0.10995E-01    0.12849E+05
    0.11217E-01    0.12916E+05
    0.11443E-01    0.12980E+05
    0.11675E-01    0.13040E+05
    0.11910E-01    0.13096E+05
    0.12151E-01    0.13149E+05
    0.12397E-01    0.13198E+05
    0.12647E-01    0.13242E+05
    0.12902E-01    0.13282E+05
    0.13163E-01    0.13318E+05
    0.13429E-01    0.13349E+05
    0.13700E-01    0.13374E+05
    0.13977E-01    0.13395E+05
    0.14259E-01    0.13411E+05
    0.14547E-01    0.13422E+05
    0.14841E-01    0.13427E+05
    0.15141E-01    0.13427E+05
    0.15447E-01    0.13421E+05
    0.15759E-01    0.13410E+05
    0.16077E-01    0.13393E+05
    0.16402E-01    0.13370E+05
    0.16734E-01    0.13341E+05
    0.17072E-01    0.13306E+05
    0.17416E-01    0.13266E+05
    0.17768E-01    0.13219E+05
    0.18127E-01    0.13165E+05
    0.18493E-01    0.13106E+05
    0.18867E-01    0.13040E+05
    0.19248E-01    0.12968E+05
    0.19637E-01    0.12890E+05
    0.20034E-01    0.12805E+05
    0.20438E-01    0.12714E+05
    0.20851E-01    0.12616E+05
    0.21272E-01    0.12512E+05
    0.21702E-01    0.12403E+05
    0.22141E-01    0.12286E+05
    0.22588E-01    0.12164E+05
    0.23044E-01    0.12036E+05
    0.23510E-01    0.11903E+05
    0.23985E-01    0.11763E+05
    0.24469E-01    0.11618E+05
    0.24964E-01    0.11468E+05
    0.25468E-01    0.11312E+05
    0.25982E-01    0.11153E+05
    0.26507E-01    0.10989E+05
    0.27043E-01    0.10821E+05
    0.27589E-01    0.10650E+05
    0.28146E-01    0.10475E+05
    0.28715E-01    0.10298E+05
    0.29295E-01    0.10119E+05
    0.29887E-01    0.99376E+04
    0.30490E-01    0.97546E+04
    0.31106E-01    0.95706E+04
    0.31735E-01    0.93862E+04
    0.32376E-01    0.92018E+04
    0.33030E-01    0.90180E+04
    0.33697E-01    0.88352E+04
    0.34378E-01    0.86539E+04
    0.35072E-01    0.84744E+04
    0.35781E-01    0.82972E+04
    0.36504E-01    0.81224E+04
    0.37241E-01    0.79507E+04
    0.37993E-01    0.77824E+04
    0.38761E-01    0.76181E+04
    0.39544E-01    0.74581E+04
    0.40343E-01    0.73030E+04
    0.41158E-01    0.71529E+04
    0.41989E-01    0.70083E+04
    0.42838E-01    0.68695E+04
    0.43703E-01    0.67365E+04
    0.44586E-01    0.66098E+04
    0.45486E-01    0.64893E+04
    0.46405E-01    0.63747E+04
    0.47343E-01    0.62656E+04
    0.48299E-01    0.61618E+04
    0.49275E-01    0.60630E+04
    0.50270E-01    0.59690E+04
    0.51286E-01    0.58795E+04
    0.52322E-01    0.57944E+04
    0.53379E-01    0.57133E+04
    0.54457E-01    0.56361E+04
    0.55557E-01    0.55621E+04
    0.56680E-01    0.54903E+04
    0.57825E-01    0.54195E+04
    0.58993E-01    0.53486E+04
    0.60184E-01    0.52767E+04
    0.61400E-01    0.52027E+04
    0.62641E-01    0.51258E+04
    0.63906E-01    0.50452E+04
    0.65197E-01    0.49601E+04
    0.66514E-01    0.48698E+04
    0.67858E-01    0.47740E+04
    0.69229E-01    0.46728E+04
    0.70627E-01    0.45662E+04
    0.72054E-01    0.44544E+04
    0.73510E-01    0.43377E+04
    0.74994E-01    0.42162E+04
    0.76509E-01    0.40903E+04
    0.78055E-01    0.39603E+04
    0.79632E-01    0.38266E+04
    0.81241E-01    0.36897E+04
    0.82882E-01    0.35509E+04
    0.84556E-01    0.34129E+04
    0.86264E-01    0.32781E+04
    0.88007E-01    0.31483E+04
    0.89785E-01    0.30254E+04
    0.91598E-01    0.29107E+04
    0.93449E-01    0.28053E+04
    0.95337E-01    0.27103E+04
    0.97263E-01    0.26264E+04
    0.99227E-01    0.25543E+04
    0.10123E+00    0.24933E+04
    0.10328E+00    0.24409E+04
    0.10536E+00    0.23948E+04
    0.10749E+00    0.23530E+04
    0.10966E+00    0.23133E+04
    0.11188E+00    0.22740E+04
    0.11414E+00    0.22335E+04
    0.11644E+00    0.21901E+04
    0.11880E+00    0.21423E+04
    0.12120E+00    0.20890E+04
    0.12365E+00    0.20301E+04
    0.12614E+00    0.19674E+04
    0.12869E+00    0.19022E+04
    0.13129E+00    0.18362E+04
    0.13394E+00    0.17705E+04
    0.13665E+00    0.17062E+04
    0.13941E+00    0.16444E+04
    0.14223E+00    0.15857E+04
    0.14510E+00    0.15310E+04
    0.14803E+00    0.14808E+04
    0.15102E+00    0.14350E+04
    0.15407E+00    0.13928E+04
    0.15718E+00    0.13534E+04
    0.16036E+00    0.13161E+04
    0.16360E+00    0.12803E+04
    0.16690E+00    0.12454E+04
    0.17028E+00    0.12110E+04
    0.17371E+00    0.11766E+04
    0.17722E+00    0.11417E+04
    0.18080E+00    0.11061E+04
    0.18446E+00    0.10697E+04
    0.18818E+00    0.10331E+04
    0.19198E+00    0.99674E+03
    0.19586E+00    0.96096E+03
    0.19982E+00    0.92613E+03
    0.20386E+00    0.89254E+03
    0.20797E+00    0.86045E+03
    0.21218E+00    0.83006E+03
    0.21646E+00    0.80155E+03
    0.22083E+00    0.77506E+03
    0.22530E+00    0.75052E+03
    0.22985E+00    0.72767E+03
    0.23449E+00    0.70623E+03
    0.23923E+00    0.68596E+03
    0.24406E+00    0.66666E+03
    0.24899E+00    0.64812E+03
    0.25402E+00    0.63018E+03
    0.25915E+00    0.61267E+03
    0.26439E+00    0.59545E+03
    0.26973E+00    0.57839E+03
    0.27518E+00    0.56147E+03
    0.28074E+00    0.54474E+03
    0.28641E+00    0.52825E+03
    0.29219E+00    0.51208E+03
    0.29810E+00    0.49625E+03
    0.30412E+00    0.48083E+03
    0.31026E+00    0.46583E+03
    0.31653E+00    0.45130E+03
    0.32292E+00    0.43725E+03
    0.32945E+00    0.42371E+03
    0.33610E+00    0.41069E+03
    0.34289E+00    0.39815E+03
    0.34982E+00    0.38608E+03
    0.35689E+00    0.37446E+03
    0.36409E+00    0.36326E+03
    0.37145E+00    0.35248E+03
    0.37895E+00    0.34209E+03
    0.38661E+00    0.33207E+03
    0.39442E+00    0.32241E+03
    0.40239E+00    0.31310E+03
    0.41052E+00    0.30412E+03
    0.41881E+00    0.29545E+03
    0.42727E+00    0.28709E+03
    0.43590E+00    0.27901E+03
    0.44471E+00    0.27121E+03
    0.45369E+00    0.26368E+03
    0.46286E+00    0.25640E+03
    0.47221E+00    0.24936E+03
    0.48174E+00    0.24256E+03
    0.49148E+00    0.23598E+03
    0.50141E+00    0.22962E+03
    0.51153E+00    0.22346E+03
    0.52187E+00    0.21750E+03
    0.53241E+00    0.21174E+03
    0.54317E+00    0.20617E+03
    0.55414E+00    0.20077E+03
    0.56533E+00    0.19555E+03
    0.57675E+00    0.19051E+03
    0.58840E+00    0.18562E+03
    0.60029E+00    0.18089E+03
    0.61242E+00    0.17631E+03
    0.62479E+00    0.17188E+03
    0.63741E+00    0.16759E+03
    0.65029E+00    0.16344E+03
    0.66342E+00    0.15941E+03
    0.67683E+00    0.15550E+03
    0.69050E+00    0.15171E+03
    0.70445E+00    0.14804E+03
    0.71868E+00    0.14448E+03
    0.73320E+00    0.14102E+03
    0.74801E+00    0.13766E+03
    0.76312E+00    0.13440E+03
    0.77854E+00    0.13123E+03
    0.79426E+00    0.12815E+03
    0.81031E+00    0.12515E+03
    0.82668E+00    0.12224E+03
    0.84338E+00    0.11941E+03
    0.86041E+00    0.11665E+03
    0.87780E+00    0.11397E+03
    0.89553E+00    0.11135E+03
    0.91362E+00    0.10881E+03
    0.93208E+00    0.10632E+03
    0.95091E+00    0.10390E+03
    0.97011E+00    0.10154E+03
    0.98971E+00    0.99241E+02
    0.10097E+01    0.96993E+02
    0.10301E+01    0.94799E+02
    0.10509E+01    0.92655E+02
    0.10721E+01    0.90561E+02
    0.10938E+01    0.88514E+02
    0.11159E+01    0.86512E+02
    0.11384E+01    0.84554E+02
    0.11614E+01    0.82639E+02
    0.11849E+01    0.80764E+02
    0.12088E+01    0.78928E+02
    0.12333E+01    0.77129E+02
    0.12582E+01    0.75367E+02
    0.12836E+01    0.73640E+02
    0.13095E+01    0.71946E+02
    0.13360E+01    0.70286E+02
    0.13630E+01    0.68657E+02
    0.13905E+01    0.67059E+02
    0.14186E+01    0.65491E+02
    0.14472E+01    0.63953E+02
    0.14765E+01    0.62443E+02
    0.15063E+01    0.60962E+02
    0.15367E+01    0.59508E+02
    0.15678E+01    0.58081E+02
    0.15994E+01    0.56681E+02
    0.16318E+01    0.55306E+02
    0.16647E+01    0.53957E+02
    0.16984E+01    0.52631E+02
    0.17327E+01    0.51328E+02
    0.17677E+01    0.50048E+02
    0.18034E+01    0.48788E+02
    0.18398E+01    0.47549E+02
    0.18770E+01    0.46330E+02
    0.19149E+01    0.45130E+02
    0.19536E+01    0.43948E+02
    0.19930E+01    0.42784E+02
    0.20333E+01    0.41638E+02
    0.20744E+01    0.40513E+02
    0.21163E+01    0.39408E+02
    0.21590E+01    0.38325E+02
    0.22026E+01    0.37266E+02
    0.22471E+01    0.36231E+02
    0.22925E+01    0.35220E+02
    0.23388E+01    0.34235E+02
    0.23861E+01    0.33276E+02
